Prompt: golden fish swimming in the ocean. aesthetic score: 6.5. motion score: 5.0.
step, cache_diff, mo_reg, mo_grad, new_rate
2,0.633,1.000, 0.000, 3
5,0.289,1.000, 0.000, 3
8,0.239,1.000, 0.000, 3
11,0.163,1.469, -0.664, 3
14,0.108,1.156, 0.273, 4
18,0.071,0.922, -0.068, 6
24,0.099,1.242, 0.241, 4
28,0.185,1.469, 0.332, 3
29,0.116,1.438, 0.234, 3
30,0.163,1.539, 0.260, 3
Prompt: golden fish swimming in the ocean. aesthetic score: 6.5. motion score: 5.0.
step, cache_diff, mo_reg, mo_grad, new_rate
2,2.453,3.812, -2.812, 3
5,0.254,1.000, 0.000, 3
8,0.162,1.000, 0.000, 3
11,0.244,1.516, -0.738, 3
14,0.081,0.777, 0.000, 6
20,0.061,0.777, 0.000, 8
28,0.075,0.867, -0.441, 6
29,0.018,0.451, -0.068, 12
30,0.012,0.434, 0.023, 12
Prompt: golden fish swimming in the ocean. aesthetic score: 6.5. motion score: 5.0.
step, cache_diff, mo_reg, mo_grad, new_rate
2,0.633,1.000, 0.000, 3
5,0.289,1.000, 0.000, 3
8,0.239,1.000, 0.000, 3
11,0.163,1.469, -0.664, 3
14,0.108,1.156, 0.273, 4
18,0.071,0.922, -0.068, 6
24,0.099,1.242, 0.241, 4
28,0.185,1.469, 0.332, 3
29,0.116,1.438, 0.234, 3
30,0.163,1.539, 0.260, 3
Prompt: golden fish swimming in the ocean. aesthetic score: 6.5. motion score: 5.0.
step, cache_diff, mo_reg, mo_grad, new_rate
2,2.453,3.812, -2.812, 3
5,0.254,1.000, 0.000, 3
8,0.162,1.000, 0.000, 3
11,0.244,1.516, -0.738, 3
14,0.081,0.777, 0.000, 6
20,0.061,0.777, 0.000, 8
28,0.075,0.867, -0.441, 6
29,0.018,0.451, -0.068, 12
30,0.012,0.434, 0.023, 12
Prompt: the bund shanghai, oil painting aesthetic score: 6.5. motion score: 5.0.
step, cache_diff, mo_reg, mo_grad, new_rate
2,5.188,6.906, 5.906, 3
5,0.264,1.000, 0.000, 3
8,0.096,1.000, 0.000, 4
12,0.116,1.633, -1.055, 3
15,0.039,0.625, -0.065, 10
25,0.034,0.559, 0.000, 10
29,0.033,0.598, 0.020, 10
30,0.018,0.578, 0.000, 12
Prompt: the bund shanghai, oil painting aesthetic score: 6.5. motion score: 5.0.
step, cache_diff, mo_reg, mo_grad, new_rate
2,4.219,5.219, 4.219, 3
5,0.279,1.000, 0.000, 3
8,0.142,1.000, 0.000, 3
11,0.176,1.984, -1.406, 3
14,0.065,0.750, -0.247, 8
22,0.033,0.527, -0.117, 10
29,0.028,0.410, -0.027, 12
30,0.017,0.605, 0.101, 12
Prompt: an iron man is playing the electronic guitar, high electronic guitar. aesthetic score: 6.5. motion score: 5.0.
step, cache_diff, mo_reg, mo_grad, new_rate
2,6.531,5.969, 4.969, 3
5,0.171,1.000, 0.000, 3
8,0.107,1.000, 0.000, 4
12,0.153,1.219, -0.361, 3
15,0.660,4.188, 2.562, 3
18,0.250,2.031, 0.312, 3
21,0.236,2.156, -0.625, 3
24,0.187,1.734, -0.287, 3
27,0.199,1.648, -0.287, 3
29,0.184,1.539, -0.260, 3
30,0.176,1.617, 0.260, 3
Prompt: an iron man is playing the electronic guitar, high electronic guitar. aesthetic score: 6.5. motion score: 5.0.
step, cache_diff, mo_reg, mo_grad, new_rate
2,3.297,4.594, -3.594, 3
5,0.237,1.000, 0.000, 3
8,0.191,1.000, 0.000, 3
11,0.305,1.844, -1.211, 3
14,0.241,1.586, 0.730, 3
17,0.121,0.984, -0.183, 3
20,0.171,1.531, 0.559, 3
23,0.123,1.102, 0.104, 3
26,0.185,1.578, 0.443, 3
29,0.201,1.297, -0.234, 3
30,0.110,1.062, 0.000, 3
Prompt: a cute fluffy panda eating chinese food in a restaurant aesthetic score: 6.5. motion score: 5.0.
step, cache_diff, mo_reg, mo_grad, new_rate
2,0.965,1.625, -0.625, 3
5,0.318,1.000, 0.000, 3
8,0.204,1.000, 0.000, 3
11,0.346,2.312, -1.875, 3
14,0.096,0.719, 0.215, 4
18,0.176,1.734, 0.879, 3
21,0.107,1.102, -0.352, 4
25,0.092,0.977, -0.381, 4
29,0.129,0.996, -0.664, 3
30,0.055,0.551, -0.312, 8
Prompt: a cute fluffy panda eating chinese food in a restaurant aesthetic score: 6.5. motion score: 5.0.
step, cache_diff, mo_reg, mo_grad, new_rate
2,8.000,8.625, 7.625, 3
5,0.260,1.000, 0.000, 3
8,0.190,1.000, 0.000, 3
11,0.172,1.211, -0.299, 3
14,0.118,0.910, 0.000, 3
17,0.110,0.973, -0.091, 3
20,0.102,1.000, 0.091, 4
24,0.097,0.992, -0.137, 4
28,0.149,1.273, -0.695, 3
29,0.061,0.867, -0.412, 8
30,0.018,0.467, -0.056, 12
Prompt: a squirrel eating a burger. aesthetic score: 6.5. motion score: 5.0.
step, cache_diff, mo_reg, mo_grad, new_rate
2,6.156,6.906, 5.906, 3
5,0.231,1.000, 0.000, 3
8,0.155,1.000, 0.000, 3
11,0.242,1.578, -0.832, 3
14,0.215,1.445, 0.535, 3
17,0.187,1.570, 0.508, 3
20,0.146,1.367, 0.234, 3
23,0.113,1.133, 0.000, 3
26,0.155,1.445, -0.443, 3
29,0.279,1.844, -1.211, 3
30,0.083,0.773, -0.195, 6
Prompt: a squirrel eating a burger. aesthetic score: 6.5. motion score: 5.0.
step, cache_diff, mo_reg, mo_grad, new_rate
2,4.688,5.219, 4.219, 3
5,0.202,1.000, 0.000, 3
8,0.176,1.000, 0.000, 3
11,0.173,1.070, -0.104, 3
14,0.216,1.375, 0.312, 3
17,0.239,2.016, 0.730, 3
20,0.217,1.992, 0.547, 3
23,0.156,1.445, 0.000, 3
26,0.199,1.648, -0.287, 3
29,0.309,1.891, -0.754, 3
30,0.186,1.648, -0.738, 3
Prompt: a beautiful coastal beach in spring, waves lapping on sand, black and white aesthetic score: 6.5. motion score: 5.0.
step, cache_diff, mo_reg, mo_grad, new_rate
2,1.266,1.898, 0.898, 3
5,0.287,1.000, 0.000, 3
8,0.190,1.000, 0.000, 3
11,0.124,1.211, -0.299, 3
14,0.150,1.570, 0.508, 3
17,0.093,1.062, 0.000, 4
21,0.134,1.555, 0.352, 3
24,0.153,1.539, 0.260, 3
27,0.152,1.281, 0.000, 3
29,0.238,1.992, 0.547, 3
30,0.238,2.219, 0.598, 3
Prompt: a beautiful coastal beach in spring, waves lapping on sand, black and white aesthetic score: 6.5. motion score: 5.0.
step, cache_diff, mo_reg, mo_grad, new_rate
2,4.531,7.250, -6.250, 3
5,0.287,1.000, 0.000, 3
8,0.218,1.000, 0.000, 3
11,0.211,2.219, 0.938, 3
14,0.123,1.617, 0.260, 3
17,0.134,1.734, 0.287, 3
20,0.122,1.445, 0.000, 3
23,0.256,2.625, 0.910, 3
26,0.299,2.672, 0.730, 3
29,0.393,2.406, 0.365, 3
30,0.410,3.672, 1.250, 3
Prompt: a beautiful coastal beach in spring, waves lapping on sand, watercolor painting aesthetic score: 6.5. motion score: 5.0.
step, cache_diff, mo_reg, mo_grad, new_rate
2,8.750,15.250, -14.250, 3
5,0.275,1.000, 0.000, 3
8,0.128,1.000, 0.000, 3
11,0.161,1.750, -1.070, 3
14,0.064,0.727, -0.065, 8
22,0.047,0.703, 0.024, 10
29,0.048,0.680, -0.121, 10
30,0.026,0.715, 0.078, 12
Prompt: a beautiful coastal beach in spring, waves lapping on sand, watercolor painting aesthetic score: 6.5. motion score: 5.0.
step, cache_diff, mo_reg, mo_grad, new_rate
2,2.672,4.625, 3.625, 3
5,0.270,1.000, 0.000, 3
8,0.162,1.000, 0.000, 3
11,0.131,1.273, -0.391, 3
14,0.115,1.078, -0.273, 3
17,0.081,0.855, -0.078, 6
23,0.065,0.777, 0.000, 8
29,0.071,0.812, -0.176, 6
30,0.041,0.699, 0.039, 10
Prompt: an astronaut flying in space, surrealism style aesthetic score: 6.5. motion score: 5.0.
step, cache_diff, mo_reg, mo_grad, new_rate
2,3.609,4.406, 3.406, 3
5,0.264,1.000, 0.000, 3
8,0.194,1.000, 0.000, 3
11,0.121,1.000, 0.000, 3
14,0.213,1.875, 0.676, 3
17,0.153,1.539, 0.260, 3
20,0.219,1.992, 0.547, 3
23,0.199,1.820, 0.287, 3
26,0.219,1.734, -0.287, 3
29,0.375,2.344, -1.273, 3
30,0.147,1.281, -0.312, 3
Prompt: an astronaut flying in space, surrealism style aesthetic score: 6.5. motion score: 5.0.
step, cache_diff, mo_reg, mo_grad, new_rate
2,1.445,1.312, 0.312, 3
5,0.152,1.000, 0.000, 3
8,0.077,1.000, 0.000, 6
14,0.080,1.422, -1.070, 6
20,0.048,0.805, 0.279, 10
29,0.039,0.523, -0.266, 10
30,0.009,0.258, -0.061, 12
Prompt: the bund shanghai, pixel art aesthetic score: 6.5. motion score: 5.0.
step, cache_diff, mo_reg, mo_grad, new_rate
2,4.156,9.062, 8.062, 3
5,0.275,1.000, 0.000, 3
8,0.179,1.000, 0.000, 3
11,0.160,1.578, 0.443, 3
14,0.178,1.773, 0.494, 3
17,0.266,2.781, 1.148, 3
20,0.172,1.625, 0.000, 3
23,0.248,2.438, -1.148, 3
26,0.192,1.625, -0.494, 3
29,0.301,1.719, -0.832, 3
30,0.125,1.078, -0.273, 3
Prompt: the bund shanghai, pixel art aesthetic score: 6.5. motion score: 5.0.
step, cache_diff, mo_reg, mo_grad, new_rate
2,1.922,3.000, 1.992, 3
5,0.287,1.000, 0.000, 3
8,0.110,1.000, 0.000, 3
11,0.084,1.000, 0.000, 6
17,0.095,1.164, 0.104, 4
21,0.142,1.555, 0.352, 3
24,0.126,1.203, 0.000, 3
27,0.151,1.203, 0.000, 3
29,0.200,1.531, -0.469, 3
30,0.125,1.062, 0.000, 3
Prompt: a panda drinking coffee in a cafe in paris, van gogh style aesthetic score: 6.5. motion score: 5.0.
step, cache_diff, mo_reg, mo_grad, new_rate
2,1.000,1.625, -0.625, 3
5,0.287,1.000, 0.000, 3
8,0.245,1.000, 0.000, 3
11,0.316,2.281, -1.820, 3
14,0.068,0.668, 0.163, 8
22,0.034,0.539, -0.168, 10
29,0.024,0.369, -0.260, 12
30,0.003,0.104, -0.023, 12
Prompt: a panda drinking coffee in a cafe in paris, van gogh style aesthetic score: 6.5. motion score: 5.0.
step, cache_diff, mo_reg, mo_grad, new_rate
2,5.188,10.188, 9.188, 3
5,0.287,1.000, 0.000, 3
8,0.146,1.000, 0.000, 3
11,0.174,1.578, -0.832, 3
14,0.104,1.109, -0.508, 4
18,0.047,0.625, -0.049, 10
28,0.054,0.742, 0.082, 8
29,0.018,0.664, -0.029, 12
30,0.017,0.637, 0.000, 12
Prompt: cliff aesthetic score: 6.5. motion score: 5.0.
step, cache_diff, mo_reg, mo_grad, new_rate
2,2.422,4.625, 3.625, 3
5,0.247,1.000, 0.000, 3
8,0.138,1.000, 0.000, 3
11,0.204,1.516, -0.738, 3
14,0.110,1.008, -0.326, 3
17,0.073,0.781, -0.144, 6
23,0.051,0.676, -0.098, 8
29,0.052,0.625, -0.244, 8
30,0.019,0.445, 0.034, 12
Prompt: cliff aesthetic score: 6.5. motion score: 5.0.
step, cache_diff, mo_reg, mo_grad, new_rate
2,4.750,6.906, 5.906, 3
5,0.223,1.000, 0.000, 3
8,0.152,1.000, 0.000, 3
11,0.277,2.219, 0.938, 3
14,0.132,1.281, 0.000, 3
17,0.125,1.281, 0.000, 3
20,0.149,1.461, -0.260, 3
23,0.137,1.367, -0.234, 3
26,0.169,1.516, -0.547, 3
29,0.260,1.641, -0.965, 3
30,0.083,0.727, -0.065, 6
Prompt: train railway aesthetic score: 6.5. motion score: 5.0.
step, cache_diff, mo_reg, mo_grad, new_rate
2,2.047,4.406, 3.406, 3
5,0.252,1.000, 0.000, 3
8,0.149,1.000, 0.000, 3
11,0.258,1.875, 0.676, 3
14,0.160,1.203, 0.000, 3
17,0.342,2.625, 1.094, 3
20,0.201,1.734, -0.287, 3
23,0.252,2.219, 0.598, 3
26,0.436,3.453, 1.406, 3
29,0.656,3.672, 1.250, 3
30,0.355,3.031, 0.469, 3
Prompt: train railway aesthetic score: 6.5. motion score: 5.0.
step, cache_diff, mo_reg, mo_grad, new_rate
2,11.312,16.625, -15.625, 3
5,0.250,1.000, 0.000, 3
8,0.180,1.000, 0.000, 3
11,0.264,1.938, -1.344, 3
14,0.203,1.477, 0.676, 3
17,0.177,1.531, 0.559, 3
20,0.118,1.102, 0.104, 3
23,0.129,1.273, 0.208, 3
26,0.187,1.672, 0.469, 3
29,0.237,1.531, -0.469, 3
30,0.182,1.672, 0.469, 3
Prompt: mountain aesthetic score: 6.5. motion score: 5.0.
step, cache_diff, mo_reg, mo_grad, new_rate
2,1.719,3.031, -2.031, 3
5,0.271,1.000, 0.000, 3
8,0.154,1.000, 0.000, 3
11,0.142,1.211, -0.299, 3
14,0.094,0.910, 0.000, 4
18,0.088,0.992, -0.137, 6
24,0.071,0.906, -0.130, 6
29,0.099,1.016, -0.590, 4
30,0.042,0.508, -0.137, 10
Prompt: mountain aesthetic score: 6.5. motion score: 5.0.
step, cache_diff, mo_reg, mo_grad, new_rate
2,3.406,7.312, 6.312, 3
5,0.295,1.000, 0.000, 3
8,0.121,1.000, 0.000, 3
11,0.197,2.031, -1.469, 3
14,0.048,0.559, 0.000, 10
24,0.033,0.559, -0.119, 10
29,0.026,0.439, -0.234, 12
30,0.005,0.198, -0.035, 12
Prompt: castle aesthetic score: 6.5. motion score: 5.0.
step, cache_diff, mo_reg, mo_grad, new_rate
2,8.875,9.375, 8.375, 3
5,0.169,1.000, 0.000, 3
8,0.138,1.000, 0.000, 3
11,0.196,1.070, -0.104, 3
14,0.115,1.102, 0.104, 3
17,0.157,1.578, 0.443, 3
20,0.093,1.133, 0.000, 4
24,0.116,1.328, -0.332, 3
27,0.185,1.578, -0.832, 3
29,0.157,1.328, -0.824, 3
30,0.077,0.691, -0.268, 6
Prompt: castle aesthetic score: 6.5. motion score: 5.0.
step, cache_diff, mo_reg, mo_grad, new_rate
2,4.156,6.781, 5.781, 3
5,0.268,1.000, 0.000, 3
8,0.123,1.000, 0.000, 3
11,0.275,2.375, -1.969, 3
14,0.056,0.539, -0.183, 8
22,0.023,0.375, -0.098, 12
29,0.013,0.238, -0.192, 12
30,0.001,0.042, -0.017, 12
Prompt: football field aesthetic score: 6.5. motion score: 5.0.
step, cache_diff, mo_reg, mo_grad, new_rate
2,6.969,10.750, 9.750, 3
5,0.291,1.000, 0.000, 3
8,0.102,1.000, 0.000, 4
12,0.131,1.711, 0.508, 3
15,0.093,1.367, -0.234, 4
19,0.083,1.234, -0.176, 6
25,0.149,1.852, 0.494, 3
28,0.287,2.109, 0.574, 3
29,0.150,1.938, 0.312, 3
30,0.262,2.500, 0.676, 3
Prompt: football field aesthetic score: 6.5. motion score: 5.0.
step, cache_diff, mo_reg, mo_grad, new_rate
2,5.469,9.250, -8.250, 3
5,0.275,1.000, 0.000, 3
8,0.153,1.000, 0.000, 3
11,0.194,1.875, 0.676, 3
14,0.109,1.203, 0.000, 4
18,0.097,1.203, 0.000, 4
22,0.105,1.203, 0.000, 4
26,0.124,1.203, 0.000, 3
29,0.248,1.539, 0.260, 3
30,0.268,2.359, 0.832, 3
Prompt: a yellow suitcase aesthetic score: 6.5. motion score: 5.0.
step, cache_diff, mo_reg, mo_grad, new_rate
2,3.078,6.312, -5.312, 3
5,0.357,1.000, 0.000, 3
8,0.185,1.000, 0.000, 3
11,0.332,2.656, -2.375, 3
14,0.064,0.582, 0.228, 8
22,0.026,0.367, -0.059, 12
29,0.016,0.277, -0.163, 12
30,0.003,0.110, -0.014, 12
Prompt: a yellow suitcase aesthetic score: 6.5. motion score: 5.0.
step, cache_diff, mo_reg, mo_grad, new_rate
2,9.500,10.000, 9.000, 3
5,0.291,1.000, 0.000, 3
8,0.099,1.000, 0.000, 4
12,0.139,1.930, -1.547, 3
15,0.026,0.414, -0.046, 12
27,0.019,0.354, -0.077, 12
29,0.007,0.268, -0.047, 12
30,0.005,0.217, -0.020, 12
Prompt: a blue suitcase aesthetic score: 6.5. motion score: 5.0.
step, cache_diff, mo_reg, mo_grad, new_rate
2,7.312,9.062, 8.062, 3
5,0.247,1.000, 0.000, 3
8,0.098,1.000, 0.000, 4
12,0.091,1.328, -0.555, 4
16,0.057,0.922, -0.244, 8
24,0.043,0.691, -0.054, 10
29,0.041,0.637, 0.000, 10
30,0.024,0.723, 0.043, 12
Prompt: a blue suitcase aesthetic score: 6.5. motion score: 5.0.
step, cache_diff, mo_reg, mo_grad, new_rate
2,3.484,4.188, 3.203, 3
5,0.243,1.000, 0.000, 3
8,0.169,1.000, 0.000, 3
11,0.132,1.000, 0.000, 3
14,0.127,1.273, 0.208, 3
17,0.111,1.211, -0.208, 3
20,0.103,1.070, -0.104, 4
24,0.106,1.094, -0.215, 4
28,0.161,1.250, -0.617, 3
29,0.079,0.898, -0.377, 6
30,0.042,0.723, 0.124, 10
Prompt: a blue car aesthetic score: 6.5. motion score: 5.0.
step, cache_diff, mo_reg, mo_grad, new_rate
2,3.328,5.031, 4.031, 3
5,0.258,1.000, 0.000, 3
8,0.138,1.000, 0.000, 3
11,0.134,1.211, -0.299, 3
14,0.142,1.297, 0.299, 3
17,0.130,1.273, -0.391, 3
20,0.106,1.125, -0.352, 4
24,0.083,0.922, -0.244, 6
29,0.083,0.840, -0.400, 6
30,0.027,0.480, 0.026, 12
Prompt: a blue car aesthetic score: 6.5. motion score: 5.0.
step, cache_diff, mo_reg, mo_grad, new_rate
2,3.312,6.469, 5.469, 3
5,0.260,1.000, 0.000, 3
8,0.196,1.000, 0.000, 3
11,0.146,1.070, -0.104, 3
14,0.262,1.984, 0.781, 3
17,0.175,1.539, 0.260, 3
20,0.153,1.461, -0.260, 3
23,0.130,1.203, 0.000, 3
26,0.146,1.203, 0.000, 3
29,0.237,1.531, -0.469, 3
30,0.150,1.367, 0.234, 3
Prompt: a green clock aesthetic score: 6.5. motion score: 5.0.
step, cache_diff, mo_reg, mo_grad, new_rate
2,1.570,2.328, -1.328, 3
5,0.281,1.000, 0.000, 3
8,0.202,1.000, 0.000, 3
11,0.150,1.211, -0.299, 3
14,0.127,1.164, 0.195, 3
17,0.084,0.969, 0.000, 6
23,0.090,1.219, 0.156, 4
27,0.112,1.062, 0.000, 3
29,0.129,1.062, 0.000, 3
30,0.187,1.672, 0.469, 3
Prompt: a green clock aesthetic score: 6.5. motion score: 5.0.
step, cache_diff, mo_reg, mo_grad, new_rate
2,1.773,3.031, -2.031, 3
5,0.271,1.000, 0.000, 3
8,0.103,1.000, 0.000, 4
12,0.109,1.445, -0.742, 4
16,0.057,0.859, -0.264, 8
24,0.039,0.598, 0.000, 10
29,0.035,0.598, -0.216, 10
30,0.013,0.383, -0.027, 12
Prompt: a purple bowl aesthetic score: 6.5. motion score: 5.0.
step, cache_diff, mo_reg, mo_grad, new_rate
2,3.594,7.438, 6.438, 3
5,0.256,1.000, 0.000, 3
8,0.157,1.000, 0.000, 3
11,0.249,1.688, -0.988, 3
14,0.101,1.023, 0.247, 4
18,0.080,1.078, -0.498, 6
24,0.046,0.660, -0.206, 10
29,0.026,0.453, -0.225, 12
30,0.006,0.225, -0.027, 12
Prompt: a purple bowl aesthetic score: 6.5. motion score: 5.0.
step, cache_diff, mo_reg, mo_grad, new_rate
2,4.531,9.062, 8.062, 3
5,0.256,1.000, 0.000, 3
8,0.180,1.000, 0.000, 3
11,0.234,1.750, -1.070, 3
14,0.077,0.680, 0.000, 6
20,0.054,0.707, -0.072, 8
28,0.056,0.680, -0.227, 8
29,0.013,0.463, -0.039, 12
30,0.013,0.453, 0.013, 12
Prompt: a train accelerating to gain speed aesthetic score: 6.5. motion score: 5.0.
step, cache_diff, mo_reg, mo_grad, new_rate
2,2.938,6.625, 5.625, 3
5,0.271,1.000, 0.000, 3
8,0.148,1.000, 0.000, 3
11,0.128,1.070, -0.104, 3
14,0.095,0.969, 0.000, 4
18,0.093,1.078, 0.078, 4
22,0.173,1.711, 0.508, 3
25,0.141,1.203, 0.000, 3
28,0.316,2.188, -1.414, 3
29,0.085,1.047, -0.391, 6
30,0.040,0.676, -0.039, 10
Prompt: a train accelerating to gain speed aesthetic score: 6.5. motion score: 5.0.
step, cache_diff, mo_reg, mo_grad, new_rate
2,2.359,4.625, 3.625, 3
5,0.285,1.000, 0.000, 3
8,0.181,1.000, 0.000, 3
11,0.320,2.031, -1.469, 3
14,0.106,0.898, 0.260, 4
18,0.064,0.695, -0.098, 8
26,0.080,1.000, 0.225, 6
29,0.077,0.969, -0.482, 6
30,0.029,0.512, -0.055, 12
Prompt: a person playing guitar aesthetic score: 6.5. motion score: 5.0.
step, cache_diff, mo_reg, mo_grad, new_rate
2,3.922,6.469, 5.469, 3
5,0.270,1.000, 0.000, 3
8,0.204,1.000, 0.000, 3
11,0.260,2.219, 0.938, 3
14,0.287,2.359, 0.832, 3
17,0.373,3.281, 1.352, 3
20,0.270,2.406, 0.365, 3
23,0.340,3.125, 0.832, 3
26,0.344,2.875, -0.832, 3
29,0.424,2.594, 0.416, 3
30,0.432,3.875, 1.305, 3
Prompt: a person playing guitar aesthetic score: 6.5. motion score: 5.0.
step, cache_diff, mo_reg, mo_grad, new_rate
2,14.188,16.625, -15.625, 3
5,0.230,1.000, 0.000, 3
8,0.171,1.000, 0.000, 3
11,0.204,1.273, 0.208, 3
14,0.198,1.062, 0.000, 3
17,0.146,1.062, 0.000, 3
20,0.149,1.281, -0.312, 3
23,0.099,0.969, 0.000, 4
27,0.122,1.141, -0.283, 3
29,0.122,1.039, -0.260, 3
30,0.093,0.879, 0.078, 4
Prompt: an airplane soaring through a clear blue sky aesthetic score: 6.5. motion score: 5.0.
step, cache_diff, mo_reg, mo_grad, new_rate
2,3.469,3.000, 1.992, 3
5,0.211,1.000, 0.000, 3
8,0.088,1.000, 0.000, 6
14,0.088,1.453, -1.117, 6
20,0.035,0.578, 0.153, 10
29,0.030,0.424, -0.186, 10
30,0.008,0.238, -0.033, 12
Prompt: an airplane soaring through a clear blue sky aesthetic score: 6.5. motion score: 5.0.
step, cache_diff, mo_reg, mo_grad, new_rate
2,7.438,9.000, 7.969, 3
5,0.303,1.000, 0.000, 3
8,0.107,1.000, 0.000, 4
12,0.112,1.633, -1.055, 3
15,0.034,0.578, 0.000, 10
25,0.041,0.742, 0.082, 10
29,0.033,0.660, -0.023, 10
30,0.021,0.637, 0.000, 12
Prompt: a bicycle slowing down to stop aesthetic score: 6.5. motion score: 5.0.
step, cache_diff, mo_reg, mo_grad, new_rate
2,3.562,4.625, 3.625, 3
5,0.233,1.000, 0.000, 3
8,0.144,1.000, 0.000, 3
11,0.244,2.203, -1.711, 3
14,0.067,0.566, -0.111, 8
22,0.031,0.473, -0.090, 10
29,0.026,0.383, -0.178, 12
30,0.005,0.204, -0.007, 12
Prompt: a bicycle slowing down to stop aesthetic score: 6.5. motion score: 5.0.
step, cache_diff, mo_reg, mo_grad, new_rate
2,6.438,9.062, 8.062, 3
5,0.275,1.000, 0.000, 3
8,0.208,1.000, 0.000, 3
11,0.244,1.797, -1.133, 3
14,0.083,0.852, -0.273, 6
20,0.048,0.660, -0.206, 10
29,0.033,0.455, -0.234, 10
30,0.007,0.221, -0.016, 12
Prompt: an airplane landing smoothly on a runway aesthetic score: 6.5. motion score: 5.0.
step, cache_diff, mo_reg, mo_grad, new_rate
2,5.094,9.000, 7.969, 3
5,0.295,1.000, 0.000, 3
8,0.165,1.000, 0.000, 3
11,0.202,1.875, 0.676, 3
14,0.245,2.250, 0.809, 3
17,0.162,1.648, -0.287, 3
20,0.128,1.359, 0.000, 3
23,0.177,1.734, 0.287, 3
26,0.166,1.445, 0.000, 3
29,0.228,1.445, 0.000, 3
30,0.247,2.219, 0.598, 3
Prompt: an airplane landing smoothly on a runway aesthetic score: 6.5. motion score: 5.0.
step, cache_diff, mo_reg, mo_grad, new_rate
2,4.438,7.250, -6.250, 3
5,0.281,1.000, 0.000, 3
8,0.171,1.000, 0.000, 3
11,0.180,1.578, -0.832, 3
14,0.147,1.445, 0.535, 3
17,0.111,1.164, 0.195, 3
20,0.131,1.375, 0.312, 3
23,0.104,1.062, 0.000, 4
27,0.129,1.203, -0.234, 3
29,0.118,0.969, 0.000, 3
30,0.155,1.375, 0.312, 3
Prompt: a person is driving car aesthetic score: 6.5. motion score: 5.0.
step, cache_diff, mo_reg, mo_grad, new_rate
2,1.133,1.625, -0.625, 3
5,0.303,1.000, 0.000, 3
8,0.188,1.000, 0.000, 3
11,0.258,1.875, 0.676, 3
14,0.189,1.539, 0.260, 3
17,0.201,1.992, 0.547, 3
20,0.141,1.445, 0.000, 3
23,0.158,1.648, -0.287, 3
26,0.190,1.734, 0.287, 3
29,0.254,1.648, -0.287, 3
30,0.228,2.109, 0.574, 3
Prompt: a person is driving car aesthetic score: 6.5. motion score: 5.0.
step, cache_diff, mo_reg, mo_grad, new_rate
2,3.531,6.312, -5.312, 3
5,0.260,1.000, 0.000, 3
8,0.177,1.000, 0.000, 3
11,0.254,1.750, -1.070, 3
14,0.150,1.203, 0.404, 3
17,0.130,1.039, 0.183, 3
20,0.106,0.973, 0.091, 4
24,0.119,1.188, 0.215, 3
27,0.172,1.375, 0.312, 3
29,0.129,1.062, 0.000, 3
30,0.181,1.672, 0.469, 3
Prompt: a person is shooting goal soccer aesthetic score: 6.5. motion score: 5.0.
step, cache_diff, mo_reg, mo_grad, new_rate
2,1.477,3.031, -2.031, 3
5,0.275,1.000, 0.000, 3
8,0.191,1.000, 0.000, 3
11,0.154,1.273, 0.208, 3
14,0.146,1.422, -0.508, 3
17,0.089,0.973, -0.091, 6
23,0.072,0.953, -0.176, 6
29,0.102,0.898, -0.299, 4
30,0.072,0.816, 0.156, 6
Prompt: a person is shooting goal soccer aesthetic score: 6.5. motion score: 5.0.
step, cache_diff, mo_reg, mo_grad, new_rate
2,2.922,4.406, 3.406, 3
5,0.326,1.000, 0.000, 3
8,0.222,1.000, 0.000, 3
11,0.357,2.219, 0.938, 3
14,0.258,1.797, -0.730, 3
17,0.110,1.062, 0.000, 3
20,0.108,1.062, 0.000, 4
24,0.111,1.156, -0.156, 3
27,0.171,1.336, -0.482, 3
29,0.164,1.211, -0.508, 3
30,0.090,0.758, -0.078, 4
Prompt: a person is dancing ballet aesthetic score: 6.5. motion score: 5.0.
step, cache_diff, mo_reg, mo_grad, new_rate
2,2.562,4.188, 3.203, 3
5,0.287,1.000, 0.000, 3
8,0.180,1.000, 0.000, 3
11,0.266,1.875, 0.676, 3
14,0.200,1.539, 0.260, 3
17,0.167,1.617, 0.260, 3
20,0.135,1.359, 0.000, 3
23,0.132,1.359, 0.000, 3
26,0.150,1.359, 0.000, 3
29,0.264,1.719, -0.520, 3
30,0.132,1.203, 0.000, 3
Prompt: a person is dancing ballet aesthetic score: 6.5. motion score: 5.0.
step, cache_diff, mo_reg, mo_grad, new_rate
2,1.773,3.031, -2.031, 3
5,0.264,1.000, 0.000, 3
8,0.207,1.000, 0.000, 3
11,0.254,1.578, 0.443, 3
14,0.127,1.133, 0.000, 3
17,0.154,1.438, 0.234, 3
20,0.139,1.367, -0.234, 3
23,0.110,1.133, 0.000, 3
26,0.144,1.297, -0.234, 3
29,0.224,1.422, -0.508, 3
30,0.146,1.297, 0.299, 3
Prompt: a person is pushing cart aesthetic score: 6.5. motion score: 5.0.
step, cache_diff, mo_reg, mo_grad, new_rate
2,0.727,1.000, 0.000, 3
5,0.254,1.000, 0.000, 3
8,0.200,1.000, 0.000, 3
11,0.441,2.922, 1.477, 3
14,0.264,2.219, 0.598, 3
17,0.273,2.500, 0.676, 3
20,0.229,2.297, 0.365, 3
23,0.239,2.406, 0.365, 3
26,0.236,2.047, 0.000, 3
29,0.734,4.281, 1.719, 3
30,0.475,3.844, 0.988, 3
Prompt: a person is pushing cart aesthetic score: 6.5. motion score: 5.0.
step, cache_diff, mo_reg, mo_grad, new_rate
2,13.562,19.625, -18.625, 3
5,0.239,1.000, 0.000, 3
8,0.212,1.000, 0.000, 3
11,0.108,1.000, 0.000, 4
15,0.147,1.469, 0.332, 3
18,0.108,1.133, 0.000, 4
22,0.123,1.375, 0.176, 3
25,0.165,1.539, 0.260, 3
28,0.182,1.281, 0.000, 3
29,0.137,1.617, 0.260, 3
30,0.202,1.734, 0.287, 3
Prompt: a person is riding scooter aesthetic score: 6.5. motion score: 5.0.
step, cache_diff, mo_reg, mo_grad, new_rate
2,4.688,5.438, -4.438, 3
5,0.226,1.000, 0.000, 3
8,0.188,1.000, 0.000, 3
11,1.086,6.094, 3.922, 3
14,0.379,3.250, 0.832, 3
17,0.404,3.703, 0.988, 3
20,0.271,2.719, 0.000, 3
23,0.471,4.750, 1.562, 3
26,0.344,3.188, 0.000, 3
29,0.762,4.812, 1.250, 3
30,0.486,4.375, 0.625, 3
Prompt: a person is riding scooter aesthetic score: 6.5. motion score: 5.0.
step, cache_diff, mo_reg, mo_grad, new_rate
2,19.250,28.500, -27.500, 3
5,0.239,1.000, 0.000, 3
8,0.247,1.000, 0.000, 3
11,0.863,6.094, 3.922, 3
14,0.402,3.250, 0.832, 3
17,0.479,4.312, 1.461, 3
20,0.297,2.859, 0.000, 3
23,0.297,2.859, 0.000, 3
26,0.373,3.188, -0.469, 3
29,0.498,3.078, -0.520, 3
30,0.281,2.562, 0.000, 3
Prompt: balloon full of water exploding in extreme slow motion. aesthetic score: 6.5. motion score: 5.0.
step, cache_diff, mo_reg, mo_grad, new_rate
2,10.750,16.625, -15.625, 3
5,0.287,1.000, 0.000, 3
8,0.218,1.000, 0.000, 3
11,0.161,1.469, -0.664, 3
14,0.094,1.039, 0.183, 4
18,0.069,0.953, 0.068, 8
26,0.062,0.891, -0.034, 8
29,0.048,0.855, 0.000, 10
30,0.033,0.965, 0.055, 10
Prompt: balloon full of water exploding in extreme slow motion. aesthetic score: 6.5. motion score: 5.0.
step, cache_diff, mo_reg, mo_grad, new_rate
2,1.133,1.898, 0.898, 3
5,0.275,1.000, 0.000, 3
8,0.159,1.000, 0.000, 3
11,0.208,1.844, -1.211, 3
14,0.061,0.637, 0.000, 8
22,0.045,0.688, 0.029, 10
29,0.045,0.660, -0.291, 10
30,0.012,0.369, -0.014, 12
Prompt: vincent van gogh is painting in the room aesthetic score: 6.5. motion score: 5.0.
step, cache_diff, mo_reg, mo_grad, new_rate
2,5.125,7.438, 6.438, 3
5,0.241,1.000, 0.000, 3
8,0.180,1.000, 0.000, 3
11,0.398,2.219, 0.938, 3
14,0.660,4.125, 2.188, 3
17,0.410,3.500, 1.195, 3
20,0.241,2.297, 0.000, 3
23,0.232,2.297, 0.000, 3
26,0.320,2.844, 0.416, 3
29,0.482,3.031, 0.469, 3
30,0.291,2.562, 0.000, 3
Prompt: vincent van gogh is painting in the room aesthetic score: 6.5. motion score: 5.0.
step, cache_diff, mo_reg, mo_grad, new_rate
2,11.500,16.625, -15.625, 3
5,0.287,1.000, 0.000, 3
8,0.168,1.000, 0.000, 3
11,0.193,1.469, -0.664, 3
14,0.116,1.039, 0.183, 3
17,0.096,0.973, 0.091, 4
21,0.076,0.883, 0.000, 6
27,0.079,0.902, -0.046, 6
29,0.051,0.855, 0.000, 8
30,0.038,0.977, 0.068, 10
Prompt: a raccoon dressed in suit playing the trumpet, stage background aesthetic score: 6.5. motion score: 5.0.
step, cache_diff, mo_reg, mo_grad, new_rate
2,1.414,1.898, 0.898, 3
5,0.285,1.000, 0.000, 3
8,0.160,1.000, 0.000, 3
11,0.245,1.211, -0.299, 3
14,0.426,2.531, 1.242, 3
17,0.264,1.992, 0.547, 3
20,0.283,2.625, 0.910, 3
23,0.214,2.188, 0.365, 3
26,0.199,1.828, 0.000, 3
29,0.283,1.828, 0.000, 3
30,0.243,2.297, 0.365, 3
Prompt: a raccoon dressed in suit playing the trumpet, stage background aesthetic score: 6.5. motion score: 5.0.
step, cache_diff, mo_reg, mo_grad, new_rate
2,9.938,10.375, -9.375, 3
5,0.242,1.000, 0.000, 3
8,0.151,1.000, 0.000, 3
11,0.225,1.984, -1.406, 3
14,0.097,1.016, 0.338, 4
18,0.065,0.762, 0.059, 8
26,0.050,0.711, -0.029, 10
29,0.031,0.680, -0.082, 10
30,0.020,0.598, -0.109, 12
Prompt: an astronaut flying in space. aesthetic score: 6.5. motion score: 5.0.
step, cache_diff, mo_reg, mo_grad, new_rate
2,3.188,6.125, 5.125, 3
5,0.245,1.000, 0.000, 3
8,0.169,1.000, 0.000, 3
11,0.148,1.336, -0.482, 3
14,0.097,1.102, -0.352, 4
18,0.069,0.844, 0.068, 8
26,0.061,0.828, -0.249, 8
29,0.038,0.617, -0.193, 10
30,0.015,0.424, 0.000, 12
Prompt: an astronaut flying in space. aesthetic score: 6.5. motion score: 5.0.
step, cache_diff, mo_reg, mo_grad, new_rate
2,3.469,6.781, 5.781, 3
5,0.241,1.000, 0.000, 3
8,0.140,1.000, 0.000, 3
11,0.192,1.516, -0.738, 3
14,0.079,0.879, 0.078, 6
20,0.058,0.836, -0.084, 8
28,0.072,0.824, -0.369, 6
29,0.019,0.477, -0.052, 12
30,0.012,0.424, 0.000, 12
Prompt: the bund shanghai, vibrant color aesthetic score: 6.5. motion score: 5.0.
step, cache_diff, mo_reg, mo_grad, new_rate
2,4.406,6.781, 5.781, 3
5,0.283,1.000, 0.000, 3
8,0.165,1.000, 0.000, 3
11,0.180,1.516, -0.738, 3
14,0.099,1.008, -0.326, 4
18,0.061,0.805, -0.205, 8
26,0.045,0.645, -0.234, 10
29,0.018,0.410, -0.152, 12
30,0.007,0.254, -0.024, 12
Prompt: the bund shanghai, vibrant color aesthetic score: 6.5. motion score: 5.0.
step, cache_diff, mo_reg, mo_grad, new_rate
2,4.656,8.688, 7.688, 3
5,0.277,1.000, 0.000, 3
8,0.104,1.000, 0.000, 4
12,0.114,1.297, -0.498, 3
15,0.069,0.801, 0.000, 8
23,0.056,0.852, -0.254, 8
29,0.057,0.688, -0.449, 8
30,0.010,0.242, -0.022, 12
Prompt: a cow bending down to drink water from a river aesthetic score: 6.5. motion score: 5.0.
step, cache_diff, mo_reg, mo_grad, new_rate
2,5.219,8.812, 7.812, 3
5,0.287,1.000, 0.000, 3
8,0.111,1.000, 0.000, 3
11,0.088,1.070, -0.104, 6
17,0.068,1.008, -0.098, 8
25,0.062,0.918, -0.034, 8
29,0.064,0.910, -0.132, 8
30,0.040,0.953, 0.098, 10
Prompt: a cow bending down to drink water from a river aesthetic score: 6.5. motion score: 5.0.
step, cache_diff, mo_reg, mo_grad, new_rate
2,1.422,2.438, 1.445, 3
5,0.322,1.000, 0.000, 3
8,0.191,1.000, 0.000, 3
11,0.241,2.359, -1.930, 3
14,0.090,0.855, 0.332, 4
18,0.050,0.523, 0.000, 8
26,0.048,0.648, 0.068, 10
29,0.026,0.578, -0.090, 12
30,0.015,0.555, 0.029, 12
Prompt: a person walking in the snowstorm aesthetic score: 6.5. motion score: 5.0.
step, cache_diff, mo_reg, mo_grad, new_rate
2,3.250,5.750, 4.750, 3
5,0.268,1.000, 0.000, 3
8,0.177,1.000, 0.000, 3
11,0.197,1.578, 0.443, 3
14,0.196,1.773, 0.494, 3
17,0.154,1.617, 0.260, 3
20,0.163,1.734, 0.287, 3
23,0.244,2.219, 0.598, 3
26,0.379,2.969, 1.039, 3
29,0.613,3.500, 1.195, 3
30,0.504,4.125, 1.406, 3
Prompt: a person walking in the snowstorm aesthetic score: 6.5. motion score: 5.0.
step, cache_diff, mo_reg, mo_grad, new_rate
2,9.750,18.250, -17.250, 3
5,0.301,1.000, 0.000, 3
8,0.146,1.000, 0.000, 3
11,0.225,2.219, 0.938, 3
14,0.122,1.461, -0.260, 3
17,0.117,1.539, 0.260, 3
20,0.102,1.281, 0.000, 4
24,0.231,2.484, 0.859, 3
27,0.334,2.500, 0.676, 3
29,0.531,3.859, 1.562, 3
30,0.420,3.453, 0.887, 3
Prompt: an elephant running to join a herd of its kind aesthetic score: 6.5. motion score: 5.0.
step, cache_diff, mo_reg, mo_grad, new_rate
2,10.125,16.625, -15.625, 3
5,0.254,1.000, 0.000, 3
8,0.172,1.000, 0.000, 3
11,0.178,1.336, -0.482, 3
14,0.126,0.984, -0.183, 3
17,0.097,0.918, -0.169, 4
21,0.073,0.820, -0.117, 6
27,0.072,0.730, -0.072, 6
29,0.045,0.715, -0.137, 10
30,0.019,0.578, 0.000, 12
Prompt: an elephant running to join a herd of its kind aesthetic score: 6.5. motion score: 5.0.
step, cache_diff, mo_reg, mo_grad, new_rate
2,3.234,5.219, 4.219, 3
5,0.241,1.000, 0.000, 3
8,0.203,1.000, 0.000, 3
11,0.195,1.469, -0.664, 3
14,0.089,0.801, 0.000, 6
20,0.066,0.836, -0.084, 8
28,0.072,0.793, -0.215, 6
29,0.025,0.613, -0.091, 12
30,0.015,0.523, 0.000, 12
Prompt: a dog running happily aesthetic score: 6.5. motion score: 5.0.
step, cache_diff, mo_reg, mo_grad, new_rate
2,4.156,5.750, 4.750, 3
5,0.277,1.000, 0.000, 3
8,0.133,1.000, 0.000, 3
11,0.172,1.797, -1.133, 3
14,0.065,0.805, -0.208, 8
22,0.035,0.625, -0.137, 10
29,0.031,0.488, -0.156, 10
30,0.015,0.488, 0.078, 12
Prompt: a dog running happily aesthetic score: 6.5. motion score: 5.0.
step, cache_diff, mo_reg, mo_grad, new_rate
2,4.188,6.906, 5.906, 3
5,0.295,1.000, 0.000, 3
8,0.126,1.000, 0.000, 3
11,0.289,2.688, -2.406, 3
14,0.042,0.465, 0.144, 10
24,0.033,0.559, 0.119, 10
29,0.026,0.439, -0.182, 12
30,0.007,0.246, -0.057, 12
Prompt: a cow chewing cud while resting in a tranquil barn aesthetic score: 6.5. motion score: 5.0.
step, cache_diff, mo_reg, mo_grad, new_rate
2,5.125,9.125, 8.125, 3
5,0.299,1.000, 0.000, 3
8,0.222,1.000, 0.000, 3
11,0.126,1.688, -0.988, 3
14,0.064,0.949, -0.352, 8
22,0.040,0.688, 0.049, 10
29,0.043,0.637, -0.182, 10
30,0.014,0.455, 0.000, 12
Prompt: a cow chewing cud while resting in a tranquil barn aesthetic score: 6.5. motion score: 5.0.
step, cache_diff, mo_reg, mo_grad, new_rate
2,3.797,6.469, 5.469, 3
5,0.279,1.000, 0.000, 3
8,0.175,1.000, 0.000, 3
11,0.159,1.211, -0.299, 3
14,0.138,1.039, -0.183, 3
17,0.141,1.344, 0.377, 3
20,0.137,1.375, 0.312, 3
23,0.146,1.367, 0.234, 3
26,0.166,1.438, 0.234, 3
29,0.303,1.875, 0.520, 3
30,0.187,1.734, 0.287, 3
Prompt: a wine glass and a chair aesthetic score: 6.5. motion score: 5.0.
step, cache_diff, mo_reg, mo_grad, new_rate
2,2.906,5.438, -4.438, 3
5,0.291,1.000, 0.000, 3
8,0.199,1.000, 0.000, 3
11,0.199,1.336, -0.482, 3
14,0.126,0.984, -0.183, 3
17,0.099,0.918, -0.169, 4
21,0.075,0.820, -0.117, 6
27,0.076,0.785, -0.208, 6
29,0.041,0.660, -0.206, 10
30,0.016,0.455, -0.031, 12
Prompt: a wine glass and a chair aesthetic score: 6.5. motion score: 5.0.
step, cache_diff, mo_reg, mo_grad, new_rate
2,3.312,6.781, 5.781, 3
5,0.254,1.000, 0.000, 3
8,0.151,1.000, 0.000, 3
11,0.320,1.578, -0.832, 3
14,0.118,0.867, 0.091, 3
17,0.070,0.777, 0.000, 6
23,0.061,0.777, 0.000, 8
29,0.069,0.820, -0.225, 8
30,0.027,0.602, -0.024, 12
Prompt: a car and a motorcycle aesthetic score: 6.5. motion score: 5.0.
step, cache_diff, mo_reg, mo_grad, new_rate
2,3.062,5.219, 4.219, 3
5,0.264,1.000, 0.000, 3
8,0.177,1.000, 0.000, 3
11,0.143,1.336, -0.482, 3
14,0.084,0.984, -0.183, 6
20,0.064,0.945, 0.091, 8
28,0.073,0.855, 0.000, 6
29,0.036,0.855, 0.000, 10
30,0.032,0.965, 0.055, 10
Prompt: a car and a motorcycle aesthetic score: 6.5. motion score: 5.0.
step, cache_diff, mo_reg, mo_grad, new_rate
2,1.219,1.898, 0.898, 3
5,0.287,1.000, 0.000, 3
8,0.212,1.000, 0.000, 3
11,0.194,1.273, 0.208, 3
14,0.155,1.211, -0.208, 3
17,0.134,1.070, -0.104, 3
20,0.123,1.102, 0.104, 3
23,0.175,1.578, 0.443, 3
26,0.166,1.438, 0.234, 3
29,0.248,1.539, 0.260, 3
30,0.268,2.359, 0.832, 3
Prompt: a bowl and a remote aesthetic score: 6.5. motion score: 5.0.
step, cache_diff, mo_reg, mo_grad, new_rate
2,3.422,6.312, -5.312, 3
5,0.252,1.000, 0.000, 3
8,0.136,1.000, 0.000, 3
11,0.148,1.578, -0.832, 3
14,0.073,0.961, -0.299, 6
20,0.046,0.715, -0.137, 10
29,0.045,0.578, -0.258, 10
30,0.011,0.320, 0.000, 12
Prompt: a bowl and a remote aesthetic score: 6.5. motion score: 5.0.
step, cache_diff, mo_reg, mo_grad, new_rate
2,4.000,7.812, 6.812, 3
5,0.230,1.000, 0.000, 3
8,0.173,1.000, 0.000, 3
11,0.213,1.578, 0.443, 3
14,0.207,1.773, 0.494, 3
17,0.150,1.281, 0.000, 3
20,0.221,1.992, 0.547, 3
23,0.203,1.820, 0.287, 3
26,0.238,1.938, 0.312, 3
29,0.422,2.500, 0.676, 3
30,0.273,2.297, 0.365, 3
Prompt: a tie and a suitcase aesthetic score: 6.5. motion score: 5.0.
step, cache_diff, mo_reg, mo_grad, new_rate
2,5.781,10.375, -9.375, 3
5,0.243,1.000, 0.000, 3
8,0.159,1.000, 0.000, 3
11,0.348,2.219, 0.938, 3
14,0.463,3.188, 1.461, 3
17,0.414,3.141, 1.094, 3
20,0.270,2.297, -0.365, 3
23,0.281,2.406, 0.365, 3
26,0.252,2.047, 0.000, 3
29,0.445,2.594, 0.416, 3
30,0.266,2.172, 0.000, 3
Prompt: a tie and a suitcase aesthetic score: 6.5. motion score: 5.0.
step, cache_diff, mo_reg, mo_grad, new_rate
2,7.062,12.750, -11.750, 3
5,0.275,1.000, 0.000, 3
8,0.252,1.000, 0.000, 3
11,0.439,3.312, 1.773, 3
14,0.227,1.938, 0.312, 3
17,0.205,2.047, -0.598, 3
20,0.212,2.219, 0.598, 3
23,0.162,1.625, 0.000, 3
26,0.187,1.625, 0.000, 3
29,0.271,1.625, 0.000, 3
30,0.237,2.031, 0.312, 3
Prompt: a frisbee and skis aesthetic score: 6.5. motion score: 5.0.
step, cache_diff, mo_reg, mo_grad, new_rate
2,6.469,8.188, -7.188, 3
5,0.204,1.000, 0.000, 3
8,0.119,1.000, 0.000, 3
11,0.247,2.031, -1.469, 3
14,0.109,1.000, 0.338, 4
18,0.067,0.727, 0.049, 8
26,0.051,0.711, -0.151, 8
29,0.034,0.602, -0.220, 10
30,0.013,0.383, 0.000, 12
Prompt: a frisbee and skis aesthetic score: 6.5. motion score: 5.0.
step, cache_diff, mo_reg, mo_grad, new_rate
2,5.469,7.188, 6.188, 3
5,0.293,1.000, 0.000, 3
8,0.123,1.000, 0.000, 3
11,0.168,1.797, -1.133, 3
14,0.083,1.047, 0.299, 6
20,0.047,0.750, 0.000, 10
29,0.057,0.750, -0.531, 8
30,0.011,0.260, 0.022, 12
Prompt: a remote aesthetic score: 6.5. motion score: 5.0.
step, cache_diff, mo_reg, mo_grad, new_rate
2,6.719,8.625, 7.625, 3
5,0.161,1.000, 0.000, 3
8,0.121,1.000, 0.000, 3
11,0.194,1.875, 0.676, 3
14,0.133,1.539, 0.260, 3
17,0.123,1.625, -0.494, 3
20,0.109,1.297, -0.234, 4
24,0.127,1.312, 0.176, 3
27,0.233,1.969, -1.188, 3
29,0.227,1.875, -1.562, 3
30,0.079,0.691, -0.547, 6
Prompt: a remote aesthetic score: 6.5. motion score: 5.0.
step, cache_diff, mo_reg, mo_grad, new_rate
2,6.312,9.562, 8.562, 3
5,0.185,1.000, 0.000, 3
8,0.122,1.000, 0.000, 3
11,0.248,1.938, -1.344, 3
14,0.073,0.645, -0.065, 6
20,0.043,0.590, -0.032, 10
29,0.044,0.559, -0.369, 10
30,0.007,0.189, -0.026, 12
Prompt: broccoli aesthetic score: 6.5. motion score: 5.0.
step, cache_diff, mo_reg, mo_grad, new_rate
2,5.062,9.375, 8.375, 3
5,0.318,1.000, 0.000, 3
8,0.144,1.000, 0.000, 3
11,0.141,1.336, -0.482, 3
14,0.091,0.973, 0.091, 4
18,0.081,0.977, 0.068, 6
24,0.067,0.910, 0.000, 8
29,0.069,0.949, -0.200, 8
30,0.030,0.762, -0.059, 10
Prompt: broccoli aesthetic score: 6.5. motion score: 5.0.
step, cache_diff, mo_reg, mo_grad, new_rate
2,2.016,3.969, 2.969, 3
5,0.344,1.000, 0.000, 3
8,0.140,1.000, 0.000, 3
11,0.145,1.688, -0.988, 3
14,0.068,0.906, 0.156, 8
22,0.051,0.863, 0.063, 8
29,0.071,0.852, -0.254, 6
30,0.037,0.703, 0.065, 10
Prompt: a skateboard aesthetic score: 6.5. motion score: 5.0.
step, cache_diff, mo_reg, mo_grad, new_rate
2,2.578,4.625, 3.625, 3
5,0.273,1.000, 0.000, 3
8,0.176,1.000, 0.000, 3
11,0.206,1.578, 0.443, 3
14,0.152,1.297, -0.234, 3
17,0.173,1.672, 0.469, 3
20,0.148,1.539, 0.260, 3
23,0.125,1.281, 0.000, 3
26,0.142,1.281, 0.000, 3
29,0.239,1.461, -0.260, 3
30,0.186,1.539, 0.260, 3
Prompt: a skateboard aesthetic score: 6.5. motion score: 5.0.
step, cache_diff, mo_reg, mo_grad, new_rate
2,2.094,3.812, -2.812, 3
5,0.279,1.000, 0.000, 3
8,0.176,1.000, 0.000, 3
11,0.138,1.000, 0.000, 3
14,0.172,1.273, 0.208, 3
17,0.115,1.062, 0.000, 3
20,0.132,1.367, 0.234, 3
23,0.146,1.438, 0.234, 3
26,0.137,1.203, 0.000, 3
29,0.239,1.531, -0.469, 3
30,0.133,1.211, -0.208, 3
Prompt: a parking meter aesthetic score: 6.5. motion score: 5.0.
step, cache_diff, mo_reg, mo_grad, new_rate
2,0.496,1.000, 0.000, 3
5,0.312,1.000, 0.000, 3
8,0.117,1.000, 0.000, 3
11,0.980,7.781, 5.219, 3
14,0.309,3.844, 0.988, 3
17,0.231,3.188, -0.469, 3
20,0.264,3.406, -0.988, 3
23,0.387,4.062, -2.344, 3
26,0.361,2.922, -1.719, 3
29,0.314,1.891, -0.980, 3
30,0.105,0.910, 0.000, 4
Prompt: a parking meter aesthetic score: 6.5. motion score: 5.0.
step, cache_diff, mo_reg, mo_grad, new_rate
2,1.070,1.898, 0.898, 3
5,0.330,1.000, 0.000, 3
8,0.104,1.000, 0.000, 4
12,0.095,1.328, -0.555, 4
16,0.057,0.859, 0.059, 8
24,0.104,1.547, 0.414, 4
28,0.155,1.234, -0.176, 3
29,0.083,1.062, 0.000, 6
30,0.060,1.062, 0.000, 8
Prompt: a giraffe aesthetic score: 6.5. motion score: 5.0.
step, cache_diff, mo_reg, mo_grad, new_rate
2,1.430,1.625, -0.625, 3
5,0.226,1.000, 0.000, 3
8,0.195,1.000, 0.000, 3
11,0.408,2.562, -2.234, 3
14,0.108,0.867, 0.412, 4
18,0.089,0.953, 0.355, 6
24,0.078,1.000, 0.254, 6
29,0.090,0.926, -0.438, 4
30,0.051,0.605, -0.195, 8
Prompt: a giraffe aesthetic score: 6.5. motion score: 5.0.
step, cache_diff, mo_reg, mo_grad, new_rate
2,5.750,6.906, 5.906, 3
5,0.256,1.000, 0.000, 3
8,0.191,1.000, 0.000, 3
11,0.303,1.875, 0.676, 3
14,0.179,1.203, 0.000, 3
17,0.223,1.539, 0.260, 3
20,0.229,1.992, 0.547, 3
23,0.173,1.648, -0.287, 3
26,0.193,1.734, 0.287, 3
29,0.252,1.648, -0.287, 3
30,0.187,1.734, 0.287, 3
Prompt: a fat rabbit wearing a purple robe walking through a fantasy landscape. aesthetic score: 6.5. motion score: 5.0.
step, cache_diff, mo_reg, mo_grad, new_rate
2,4.219,5.438, -4.438, 3
5,0.256,1.000, 0.000, 3
8,0.185,1.000, 0.000, 3
11,0.215,1.469, -0.664, 3
14,0.167,1.273, 0.365, 3
17,0.128,1.219, -0.443, 3
20,0.079,0.777, 0.000, 6
26,0.071,0.797, -0.046, 6
29,0.069,0.867, -0.287, 8
30,0.026,0.633, -0.262, 12
Prompt: a fat rabbit wearing a purple robe walking through a fantasy landscape. aesthetic score: 6.5. motion score: 5.0.
step, cache_diff, mo_reg, mo_grad, new_rate
2,5.250,7.312, 6.312, 3
5,0.285,1.000, 0.000, 3
8,0.167,1.000, 0.000, 3
11,0.188,1.516, -0.738, 3
14,0.106,0.840, -0.091, 4
18,0.077,0.855, -0.176, 6
24,0.143,1.531, 0.535, 3
27,0.163,1.273, -0.391, 3
29,0.173,1.359, -0.676, 3
30,0.125,1.094, -0.586, 3
Prompt: few big purple plums rotating on the turntable. water drops appear on the skin during rotation. isolated on the white background. close-up. macro. aesthetic score: 6.5. motion score: 5.0.
step, cache_diff, mo_reg, mo_grad, new_rate
2,2.828,5.969, 4.969, 3
5,0.228,1.000, 0.000, 3
8,0.129,1.000, 0.000, 3
11,0.172,1.688, -0.988, 3
14,0.079,0.859, -0.222, 6
20,0.057,0.758, -0.303, 8
28,0.047,0.539, -0.428, 10
29,0.003,0.113, -0.042, 12
30,0.002,0.066, -0.023, 12
Prompt: few big purple plums rotating on the turntable. water drops appear on the skin during rotation. isolated on the white background. close-up. macro. aesthetic score: 6.5. motion score: 5.0.
step, cache_diff, mo_reg, mo_grad, new_rate
2,6.844,10.562, 9.562, 3
5,0.326,1.000, 0.000, 3
8,0.155,1.000, 0.000, 3
11,0.216,1.688, -0.988, 3
14,0.104,1.023, 0.247, 4
18,0.140,1.555, 0.555, 3
21,0.112,1.273, 0.208, 3
24,0.103,1.062, 0.000, 4
28,0.133,1.156, -0.156, 3
29,0.093,1.273, 0.208, 4
30,0.083,1.062, 0.000, 6
Prompt: a corgi's head depicted as an explosion of a nebula aesthetic score: 6.5. motion score: 5.0.
step, cache_diff, mo_reg, mo_grad, new_rate
2,0.914,1.625, -0.625, 3
5,0.285,1.000, 0.000, 3
8,0.149,1.000, 0.000, 3
11,0.188,2.312, -1.875, 3
14,0.067,0.805, 0.279, 8
22,0.072,1.094, 0.316, 6
28,0.088,0.961, -0.455, 6
29,0.019,0.516, -0.026, 12
30,0.016,0.555, 0.029, 12
Prompt: a corgi's head depicted as an explosion of a nebula aesthetic score: 6.5. motion score: 5.0.
step, cache_diff, mo_reg, mo_grad, new_rate
2,3.234,5.750, 4.750, 3
5,0.271,1.000, 0.000, 3
8,0.176,1.000, 0.000, 3
11,0.154,1.469, -0.664, 3
14,0.186,1.664, 0.664, 3
17,0.142,1.273, 0.208, 3
20,0.171,1.484, -0.598, 3
23,0.106,1.000, 0.091, 4
27,0.137,1.258, -0.578, 3
29,0.104,0.871, -0.273, 4
30,0.047,0.598, 0.000, 10
Prompt: a lightning striking atop of eiffel tower, dark clouds in the sky aesthetic score: 6.5. motion score: 5.0.
step, cache_diff, mo_reg, mo_grad, new_rate
2,2.469,5.031, 4.031, 3
5,0.270,1.000, 0.000, 3
8,0.196,1.000, 0.000, 3
11,0.173,1.273, 0.208, 3
14,0.118,1.062, 0.000, 3
17,0.136,1.367, 0.234, 3
20,0.137,1.438, 0.234, 3
23,0.156,1.539, 0.260, 3
26,0.150,1.281, 0.000, 3
29,0.212,1.281, 0.000, 3
30,0.184,1.617, 0.260, 3
Prompt: a lightning striking atop of eiffel tower, dark clouds in the sky aesthetic score: 6.5. motion score: 5.0.
step, cache_diff, mo_reg, mo_grad, new_rate
2,2.953,4.594, -3.594, 3
5,0.295,1.000, 0.000, 3
8,0.147,1.000, 0.000, 3
11,0.183,2.156, -1.656, 3
14,0.041,0.539, -0.052, 10
24,0.048,0.832, 0.172, 10
29,0.038,0.660, -0.137, 10
30,0.022,0.672, 0.074, 12
Prompt: an oil painting of a couple in formal evening wear going home get caught in a heavy downpour with umbrellas aesthetic score: 6.5. motion score: 5.0.
step, cache_diff, mo_reg, mo_grad, new_rate
2,3.062,5.031, 4.031, 3
5,0.334,1.000, 0.000, 3
8,0.113,1.000, 0.000, 3
11,0.084,1.000, 0.000, 6
17,0.076,1.164, 0.104, 6
23,0.085,1.180, -0.299, 6
29,0.111,1.047, -0.412, 3
30,0.076,0.727, -0.130, 6
Prompt: an oil painting of a couple in formal evening wear going home get caught in a heavy downpour with umbrellas aesthetic score: 6.5. motion score: 5.0.
step, cache_diff, mo_reg, mo_grad, new_rate
2,3.188,5.031, 4.031, 3
5,0.297,1.000, 0.000, 3
8,0.109,1.000, 0.000, 4
12,0.113,1.516, -0.852, 3
15,0.060,0.852, -0.273, 8
23,0.040,0.617, -0.193, 10
29,0.028,0.424, -0.219, 12
30,0.005,0.205, 0.000, 12
Prompt: bedroom aesthetic score: 6.5. motion score: 5.0.
step, cache_diff, mo_reg, mo_grad, new_rate
2,6.719,9.000, 7.969, 3
5,0.247,1.000, 0.000, 3
8,0.147,1.000, 0.000, 3
11,0.095,1.000, 0.000, 4
15,0.103,1.297, -0.498, 4
19,0.067,0.945, -0.244, 8
27,0.058,0.770, -0.330, 8
29,0.020,0.461, -0.105, 12
30,0.010,0.348, -0.039, 12
Prompt: bedroom aesthetic score: 6.5. motion score: 5.0.
step, cache_diff, mo_reg, mo_grad, new_rate
2,6.344,7.906, 6.906, 3
5,0.204,1.000, 0.000, 3
8,0.144,1.000, 0.000, 3
11,0.188,1.336, -0.482, 3
14,0.121,0.973, 0.091, 3
17,0.115,1.000, 0.091, 3
20,0.100,1.039, -0.183, 4
24,0.091,1.016, -0.264, 4
28,0.129,1.094, -0.566, 3
29,0.057,0.758, -0.332, 8
30,0.019,0.434, -0.051, 12
Prompt: football field aesthetic score: 6.5. motion score: 5.0.
step, cache_diff, mo_reg, mo_grad, new_rate
2,3.766,7.188, 6.188, 3
5,0.338,1.000, 0.000, 3
8,0.215,1.000, 0.000, 3
11,0.277,1.875, 0.676, 3
14,0.174,1.531, -0.469, 3
17,0.134,1.422, -0.508, 3
20,0.083,0.973, -0.091, 6
26,0.081,0.973, -0.222, 6
29,0.069,0.867, -0.287, 8
30,0.026,0.621, 0.024, 12
Prompt: football field aesthetic score: 6.5. motion score: 5.0.
step, cache_diff, mo_reg, mo_grad, new_rate
2,2.344,5.031, 4.031, 3
5,0.271,1.000, 0.000, 3
8,0.185,1.000, 0.000, 3
11,0.142,1.273, -0.391, 3
14,0.088,0.945, -0.091, 6
20,0.072,0.957, -0.254, 6
26,0.065,0.730, -0.072, 8
29,0.044,0.695, -0.171, 10
30,0.025,0.672, 0.074, 12
Prompt: indoor library aesthetic score: 6.5. motion score: 5.0.
step, cache_diff, mo_reg, mo_grad, new_rate
2,3.125,5.031, 4.031, 3
5,0.260,1.000, 0.000, 3
8,0.118,1.000, 0.000, 3
11,0.131,1.750, -1.070, 3
14,0.058,0.871, -0.273, 8
22,0.036,0.633, -0.178, 10
29,0.032,0.455, -0.031, 10
30,0.014,0.424, 0.000, 12
Prompt: indoor library aesthetic score: 6.5. motion score: 5.0.
step, cache_diff, mo_reg, mo_grad, new_rate
2,4.375,6.781, 5.781, 3
5,0.246,1.000, 0.000, 3
8,0.147,1.000, 0.000, 3
11,0.182,1.578, 0.443, 3
14,0.117,1.133, 0.000, 3
17,0.143,1.438, 0.234, 3
20,0.113,1.203, 0.000, 3
23,0.122,1.203, 0.000, 3
26,0.153,1.367, -0.234, 3
29,0.281,1.719, -0.832, 3
30,0.101,0.883, 0.000, 4
Prompt: skyscraper aesthetic score: 6.5. motion score: 5.0.
step, cache_diff, mo_reg, mo_grad, new_rate
2,1.516,2.172, 1.172, 3
5,0.273,1.000, 0.000, 3
8,0.180,1.000, 0.000, 3
11,0.158,1.469, -0.664, 3
14,0.102,1.156, 0.273, 4
18,0.118,1.516, 0.449, 3
21,0.143,1.672, 0.469, 3
24,0.174,1.539, 0.260, 3
27,0.249,1.992, 0.547, 3
29,0.279,2.219, 0.598, 3
30,0.332,2.969, 1.039, 3
Prompt: skyscraper aesthetic score: 6.5. motion score: 5.0.
step, cache_diff, mo_reg, mo_grad, new_rate
2,6.125,10.375, -9.375, 3
5,0.303,1.000, 0.000, 3
8,0.151,1.000, 0.000, 3
11,0.146,1.273, 0.208, 3
14,0.144,1.367, 0.234, 3
17,0.174,1.773, 0.494, 3
20,0.140,1.461, -0.260, 3
23,0.190,1.875, 0.520, 3
26,0.203,1.734, 0.287, 3
29,0.241,1.445, 0.000, 3
30,0.256,2.219, 0.598, 3
Prompt: downtown aesthetic score: 6.5. motion score: 5.0.
step, cache_diff, mo_reg, mo_grad, new_rate
2,5.656,7.250, -6.250, 3
5,0.191,1.000, 0.000, 3
8,0.171,1.000, 0.000, 3
11,0.283,2.219, 0.938, 3
14,0.201,1.617, 0.260, 3
17,0.135,1.359, 0.000, 3
20,0.135,1.359, 0.000, 3
23,0.157,1.539, -0.260, 3
26,0.203,1.797, -0.730, 3
29,0.268,1.727, -0.949, 3
30,0.089,0.777, 0.000, 6
Prompt: downtown aesthetic score: 6.5. motion score: 5.0.
step, cache_diff, mo_reg, mo_grad, new_rate
2,3.125,3.219, 2.219, 3
5,0.208,1.000, 0.000, 3
8,0.093,1.000, 0.000, 4
12,0.088,1.297, -0.498, 6
18,0.047,0.836, -0.084, 10
28,0.052,0.750, -0.113, 8
29,0.017,0.637, 0.000, 12
30,0.017,0.715, 0.036, 12
Prompt: a potted plant on the left of a remote, front view aesthetic score: 6.5. motion score: 5.0.
step, cache_diff, mo_reg, mo_grad, new_rate
2,2.219,4.188, 3.203, 3
5,0.245,1.000, 0.000, 3
8,0.159,1.000, 0.000, 3
11,0.126,1.211, -0.299, 3
14,0.080,0.910, 0.000, 6
20,0.077,1.125, -0.551, 6
26,0.069,0.828, -0.621, 8
29,0.014,0.242, -0.190, 12
30,0.001,0.047, -0.026, 12
Prompt: a potted plant on the left of a remote, front view aesthetic score: 6.5. motion score: 5.0.
step, cache_diff, mo_reg, mo_grad, new_rate
2,5.906,10.812, 9.812, 3
5,0.275,1.000, 0.000, 3
8,0.092,1.000, 0.000, 4
12,0.089,1.445, -0.742, 6
18,0.045,0.836, -0.332, 10
28,0.035,0.504, -0.340, 10
29,0.003,0.163, -0.024, 12
30,0.003,0.134, -0.025, 12
Prompt: a fork on the right of a knife, front view aesthetic score: 6.5. motion score: 5.0.
step, cache_diff, mo_reg, mo_grad, new_rate
2,4.500,9.875, 8.875, 3
5,0.252,1.000, 0.000, 3
8,0.208,1.000, 0.000, 3
11,0.188,1.578, 0.443, 3
14,0.426,3.281, 1.648, 3
17,0.346,2.969, 1.039, 3
20,0.236,2.188, -0.365, 3
23,0.273,2.297, 0.365, 3
26,0.311,2.453, -0.730, 3
29,0.332,1.938, -0.312, 3
30,0.247,2.031, 0.312, 3
Prompt: a fork on the right of a knife, front view aesthetic score: 6.5. motion score: 5.0.
step, cache_diff, mo_reg, mo_grad, new_rate
2,3.922,8.188, -7.188, 3
5,0.305,1.000, 0.000, 3
8,0.219,1.000, 0.000, 3
11,0.241,2.219, 0.938, 3
14,0.157,1.281, 0.000, 3
17,0.174,1.461, -0.260, 3
20,0.176,1.531, -0.469, 3
23,0.155,1.422, -0.508, 3
26,0.104,0.910, 0.000, 4
29,0.118,0.992, -0.137, 3
30,0.155,1.344, 0.377, 3
Prompt: a baseball bat on the left of a baseball glove, front view aesthetic score: 6.5. motion score: 5.0.
step, cache_diff, mo_reg, mo_grad, new_rate
2,0.984,1.312, 0.312, 3
5,0.245,1.000, 0.000, 3
8,0.149,1.000, 0.000, 3
11,0.220,1.273, 0.208, 3
14,0.271,1.727, -0.949, 3
17,0.086,0.777, 0.000, 6
23,0.068,0.828, -0.124, 8
29,0.065,0.805, -0.520, 8
30,0.012,0.295, -0.037, 12
Prompt: a baseball bat on the left of a baseball glove, front view aesthetic score: 6.5. motion score: 5.0.
step, cache_diff, mo_reg, mo_grad, new_rate
2,7.594,8.438, 7.438, 3
5,0.185,1.000, 0.000, 3
8,0.130,1.000, 0.000, 3
11,0.186,1.938, -1.344, 3
14,0.066,0.766, 0.130, 8
22,0.052,0.734, 0.054, 8
29,0.069,0.797, -0.574, 8
30,0.010,0.235, -0.072, 12
Prompt: a microwave on the top of an oven, front view aesthetic score: 6.5. motion score: 5.0.
step, cache_diff, mo_reg, mo_grad, new_rate
2,4.969,9.375, 8.375, 3
5,0.250,1.000, 0.000, 3
8,0.181,1.000, 0.000, 3
11,0.128,1.000, 0.000, 3
14,0.121,1.211, -0.299, 3
17,0.149,1.570, 0.508, 3
20,0.096,1.062, 0.000, 4
24,0.119,1.289, -0.381, 3
27,0.123,0.973, -0.091, 3
29,0.131,1.000, 0.091, 3
30,0.146,1.297, 0.299, 3
Prompt: a microwave on the top of an oven, front view aesthetic score: 6.5. motion score: 5.0.
step, cache_diff, mo_reg, mo_grad, new_rate
2,0.479,1.000, 0.000, 3
5,0.291,1.000, 0.000, 3
8,0.120,1.000, 0.000, 3
11,0.094,1.070, -0.104, 4
15,0.088,1.219, -0.420, 6
21,0.058,0.895, -0.234, 8
29,0.067,0.734, -0.381, 8
30,0.016,0.387, 0.017, 12
Prompt: a toaster on the top of a microwave, front view aesthetic score: 6.5. motion score: 5.0.
step, cache_diff, mo_reg, mo_grad, new_rate
2,4.250,7.312, 6.312, 3
5,0.219,1.000, 0.000, 3
8,0.183,1.000, 0.000, 3
11,0.377,2.156, -1.656, 3
14,0.074,0.617, -0.163, 6
20,0.037,0.455, 0.000, 10
29,0.036,0.455, -0.234, 10
30,0.007,0.221, -0.045, 12
Prompt: a toaster on the top of a microwave, front view aesthetic score: 6.5. motion score: 5.0.
step, cache_diff, mo_reg, mo_grad, new_rate
2,4.375,9.250, 8.250, 3
5,0.214,1.000, 0.000, 3
8,0.137,1.000, 0.000, 3
11,0.260,1.984, -1.406, 3
14,0.196,1.438, 0.664, 3
17,0.136,1.352, 0.443, 3
20,0.098,0.973, -0.091, 4
24,0.091,0.922, -0.068, 4
28,0.156,1.297, -0.742, 3
29,0.064,0.836, -0.396, 8
30,0.020,0.469, -0.148, 12
Prompt: a truck turning a corner aesthetic score: 6.5. motion score: 5.0.
step, cache_diff, mo_reg, mo_grad, new_rate
2,3.578,7.812, 6.812, 3
5,0.279,1.000, 0.000, 3
8,0.181,1.000, 0.000, 3
11,0.247,1.875, 0.676, 3
14,0.180,1.539, 0.260, 3
17,0.243,2.359, 0.832, 3
20,0.149,1.531, 0.000, 3
23,0.172,1.734, -0.287, 3
26,0.186,1.648, -0.287, 3
29,0.344,2.188, -1.195, 3
30,0.111,1.000, 0.000, 3
Prompt: a truck turning a corner aesthetic score: 6.5. motion score: 5.0.
step, cache_diff, mo_reg, mo_grad, new_rate
2,0.738,1.000, 0.000, 3
5,0.212,1.000, 0.000, 3
8,0.149,1.000, 0.000, 3
11,0.223,1.750, -1.070, 3
14,0.127,0.984, 0.234, 3
17,0.089,0.750, 0.000, 6
23,0.058,0.781, -0.078, 8
29,0.065,0.789, -0.434, 8
30,0.015,0.361, -0.029, 12
Prompt: a motorcycle cruising along a coastal highway aesthetic score: 6.5. motion score: 5.0.
step, cache_diff, mo_reg, mo_grad, new_rate
2,5.000,7.688, 6.688, 3
5,0.322,1.000, 0.000, 3
8,0.176,1.000, 0.000, 3
11,0.500,3.703, 2.078, 3
14,0.193,1.625, 0.000, 3
17,0.146,1.625, 0.000, 3
20,0.149,1.844, -0.312, 3
23,0.159,1.938, 0.312, 3
26,0.187,1.844, -0.312, 3
29,0.312,1.938, 0.312, 3
30,0.279,2.500, 0.676, 3
Prompt: a motorcycle cruising along a coastal highway aesthetic score: 6.5. motion score: 5.0.
step, cache_diff, mo_reg, mo_grad, new_rate
2,8.250,9.250, -8.250, 3
5,0.264,1.000, 0.000, 3
8,0.159,1.000, 0.000, 3
11,0.344,1.875, 0.676, 3
14,0.256,2.250, 0.809, 3
17,0.170,1.445, 0.000, 3
20,0.159,1.445, 0.000, 3
23,0.162,1.648, -0.287, 3
26,0.204,1.891, -0.754, 3
29,0.297,1.906, -1.102, 3
30,0.106,0.918, -0.169, 4
Prompt: a bus stuck in traffic during rush hour aesthetic score: 6.5. motion score: 5.0.
step, cache_diff, mo_reg, mo_grad, new_rate
2,2.750,3.500, 2.500, 3
5,0.295,1.000, 0.000, 3
8,0.158,1.000, 0.000, 3
11,0.523,2.922, 1.477, 3
14,0.363,2.625, 0.910, 3
17,0.318,2.672, 0.730, 3
20,0.369,3.500, 1.195, 3
23,0.352,3.453, 0.887, 3
26,0.373,3.234, 0.520, 3
29,0.443,2.719, 0.000, 3
30,0.455,4.062, 1.039, 3
Prompt: a bus stuck in traffic during rush hour aesthetic score: 6.5. motion score: 5.0.
step, cache_diff, mo_reg, mo_grad, new_rate
2,21.375,21.250, -20.250, 3
5,0.235,1.000, 0.000, 3
8,0.181,1.000, 0.000, 3
11,0.621,2.922, 1.477, 3
14,0.268,1.820, 0.287, 3
17,0.212,1.531, 0.000, 3
20,0.264,1.938, 0.312, 3
23,0.250,2.031, 0.312, 3
26,0.218,1.719, 0.000, 3
29,0.389,2.359, -0.910, 3
30,0.161,1.445, 0.000, 3
Prompt: a car slowing down to stop aesthetic score: 6.5. motion score: 5.0.
step, cache_diff, mo_reg, mo_grad, new_rate
2,4.750,5.438, -4.438, 3
5,0.289,1.000, 0.000, 3
8,0.168,1.000, 0.000, 3
11,0.926,6.625, 4.344, 3
14,0.475,4.125, 1.406, 3
17,0.445,4.062, 1.039, 3
20,0.279,3.031, 0.000, 3
23,0.439,4.531, 1.148, 3
26,0.461,4.188, 0.625, 3
29,0.965,6.125, 1.977, 3
30,0.652,6.188, 1.562, 3
Prompt: a car slowing down to stop aesthetic score: 6.5. motion score: 5.0.
step, cache_diff, mo_reg, mo_grad, new_rate
2,31.625,37.250, -36.250, 3
5,0.264,1.000, 0.000, 3
8,0.140,1.000, 0.000, 3
11,0.320,1.875, 0.676, 3
14,0.311,2.250, 0.809, 3
17,0.174,1.820, 0.287, 3
20,0.162,1.734, -0.287, 3
23,0.174,1.820, 0.287, 3
26,0.188,1.734, -0.287, 3
29,0.225,1.445, 0.000, 3
30,0.305,2.625, 0.910, 3
Prompt: a bicycle gliding through a snowy field aesthetic score: 6.5. motion score: 5.0.
step, cache_diff, mo_reg, mo_grad, new_rate
2,4.094,8.188, -7.188, 3
5,0.344,1.000, 0.000, 3
8,0.185,1.000, 0.000, 3
11,0.566,3.703, 2.078, 3
14,0.208,1.625, 0.000, 3
17,0.178,1.625, 0.000, 3
20,0.184,1.844, -0.312, 3
23,0.194,1.938, 0.312, 3
26,0.287,2.500, 0.676, 3
29,0.531,3.312, 1.148, 3
30,0.453,3.875, 1.305, 3
Prompt: a bicycle gliding through a snowy field aesthetic score: 6.5. motion score: 5.0.
step, cache_diff, mo_reg, mo_grad, new_rate
2,9.875,16.625, -15.625, 3
5,0.291,1.000, 0.000, 3
8,0.134,1.000, 0.000, 3
11,0.277,2.562, 1.195, 3
14,0.134,1.359, 0.000, 3
17,0.149,1.734, 0.287, 3
20,0.119,1.445, 0.000, 3
23,0.130,1.445, 0.000, 3
26,0.239,2.219, 0.598, 3
29,0.652,4.000, 1.820, 3
30,0.461,3.875, 1.305, 3
Prompt: in a still frame, gas station aesthetic score: 6.5. motion score: 5.0.
step, cache_diff, mo_reg, mo_grad, new_rate
2,10.375,16.625, -15.625, 3
5,0.277,1.000, 0.000, 3
8,0.200,1.000, 0.000, 3
11,0.301,2.156, -1.656, 3
14,0.073,0.691, -0.268, 6
20,0.055,0.688, 0.166, 8
28,0.053,0.621, -0.488, 8
29,0.004,0.146, -0.062, 12
30,0.002,0.078, -0.031, 12
Prompt: in a still frame, gas station aesthetic score: 6.5. motion score: 5.0.
step, cache_diff, mo_reg, mo_grad, new_rate
2,7.344,10.500, 9.500, 3
5,0.281,1.000, 0.000, 3
8,0.168,1.000, 0.000, 3
11,0.320,1.578, 0.443, 3
14,0.168,1.438, 0.234, 3
17,0.139,1.531, -0.469, 3
20,0.111,1.211, -0.208, 3
23,0.115,1.273, -0.391, 3
26,0.125,1.195, -0.443, 3
29,0.201,1.328, -0.824, 3
30,0.067,0.617, -0.163, 8
Prompt: in a still frame, within the desolate desert, an oasis unfolded, characterized by the stoic presence of palm trees and a motionless, glassy pool of water aesthetic score: 6.5. motion score: 5.0.
step, cache_diff, mo_reg, mo_grad, new_rate
2,3.891,6.469, 5.469, 3
5,0.234,1.000, 0.000, 3
8,0.212,1.000, 0.000, 3
11,0.312,2.375, -1.969, 3
14,0.042,0.469, 0.046, 10
24,0.025,0.424, -0.186, 12
29,0.010,0.210, -0.142, 12
30,0.002,0.064, -0.021, 12
Prompt: in a still frame, within the desolate desert, an oasis unfolded, characterized by the stoic presence of palm trees and a motionless, glassy pool of water aesthetic score: 6.5. motion score: 5.0.
step, cache_diff, mo_reg, mo_grad, new_rate
2,8.625,10.562, 9.562, 3
5,0.242,1.000, 0.000, 3
8,0.147,1.000, 0.000, 3
11,0.152,1.469, -0.664, 3
14,0.101,1.039, 0.183, 4
18,0.141,1.578, 0.516, 3
21,0.106,1.211, -0.208, 4
25,0.104,1.172, -0.293, 4
29,0.152,1.156, -0.449, 3
30,0.092,0.859, -0.222, 4
Prompt: a tranquil tableau of palace aesthetic score: 6.5. motion score: 5.0.
step, cache_diff, mo_reg, mo_grad, new_rate
2,3.703,4.625, 3.625, 3
5,0.226,1.000, 0.000, 3
8,0.188,1.000, 0.000, 3
11,0.197,1.516, -0.738, 3
14,0.116,1.117, 0.260, 3
17,0.123,0.984, -0.183, 3
20,0.081,0.801, 0.000, 6
26,0.068,0.816, -0.039, 8
29,0.043,0.797, -0.093, 10
30,0.028,0.852, 0.074, 12
Prompt: a tranquil tableau of palace aesthetic score: 6.5. motion score: 5.0.
step, cache_diff, mo_reg, mo_grad, new_rate
2,1.836,3.219, 2.219, 3
5,0.208,1.000, 0.000, 3
8,0.222,1.000, 0.000, 3
11,0.182,1.469, -0.664, 3
14,0.105,1.039, 0.183, 4
18,0.085,1.016, -0.264, 6
24,0.064,0.797, -0.117, 8
29,0.054,0.703, -0.127, 8
30,0.032,0.762, 0.103, 10
Prompt: a tranquil tableau of bar aesthetic score: 6.5. motion score: 5.0.
step, cache_diff, mo_reg, mo_grad, new_rate
2,2.469,4.406, 3.406, 3
5,0.291,1.000, 0.000, 3
8,0.114,1.000, 0.000, 3
11,0.181,2.594, -2.266, 3
14,0.022,0.348, -0.039, 12
26,0.016,0.285, -0.121, 12
29,0.006,0.151, -0.059, 12
30,0.002,0.090, -0.009, 12
Prompt: a tranquil tableau of bar aesthetic score: 6.5. motion score: 5.0.
step, cache_diff, mo_reg, mo_grad, new_rate
2,7.031,10.188, 9.188, 3
5,0.254,1.000, 0.000, 3
8,0.177,1.000, 0.000, 3
11,0.201,1.688, -0.988, 3
14,0.099,1.023, 0.247, 4
18,0.059,0.777, 0.000, 8
26,0.055,0.797, -0.093, 8
29,0.050,0.871, 0.093, 8
30,0.046,1.078, 0.166, 10
Prompt: a tranquil tableau of a peaceful orchid garden showcased a variety of delicate blooms aesthetic score: 6.5. motion score: 5.0.
step, cache_diff, mo_reg, mo_grad, new_rate
2,1.328,1.898, 0.898, 3
5,0.252,1.000, 0.000, 3
8,0.085,1.000, 0.000, 6
14,0.079,1.312, -0.793, 6
20,0.031,0.535, -0.032, 10
29,0.037,0.504, -0.283, 10
30,0.007,0.238, 0.009, 12
Prompt: a tranquil tableau of a peaceful orchid garden showcased a variety of delicate blooms aesthetic score: 6.5. motion score: 5.0.
step, cache_diff, mo_reg, mo_grad, new_rate
2,5.594,8.688, 7.688, 3
5,0.283,1.000, 0.000, 3
8,0.177,1.000, 0.000, 3
11,0.237,1.273, 0.208, 3
14,0.227,1.672, 0.469, 3
17,0.175,1.539, 0.260, 3
20,0.131,1.281, 0.000, 3
23,0.126,1.281, 0.000, 3
26,0.192,1.797, -0.730, 3
29,0.322,2.156, -1.555, 3
30,0.084,0.816, -0.312, 6
Prompt: gwen stacy reading a book, with an intense shaking effect aesthetic score: 6.5. motion score: 5.0.
step, cache_diff, mo_reg, mo_grad, new_rate
2,5.094,5.969, 4.969, 3
5,0.208,1.000, 0.000, 3
8,0.142,1.000, 0.000, 3
11,0.125,1.273, -0.391, 3
14,0.108,1.000, 0.091, 4
18,0.116,1.227, 0.225, 3
21,0.150,1.578, 0.443, 3
24,0.149,1.438, 0.234, 3
27,0.146,1.203, 0.000, 3
29,0.184,1.531, -0.469, 3
30,0.133,1.211, -0.208, 3
Prompt: gwen stacy reading a book, with an intense shaking effect aesthetic score: 6.5. motion score: 5.0.
step, cache_diff, mo_reg, mo_grad, new_rate
2,0.859,1.000, 0.000, 3
5,0.165,1.000, 0.000, 3
8,0.150,1.000, 0.000, 3
11,0.229,1.797, -1.133, 3
14,0.072,0.746, 0.065, 6
20,0.051,0.691, -0.032, 8
28,0.057,0.730, -0.348, 8
29,0.010,0.410, -0.132, 12
30,0.007,0.266, -0.060, 12
Prompt: the bund shanghai, with an intense shaking effect aesthetic score: 6.5. motion score: 5.0.
step, cache_diff, mo_reg, mo_grad, new_rate
2,7.125,9.000, 7.969, 3
5,0.211,1.000, 0.000, 3
8,0.149,1.000, 0.000, 3
11,0.152,1.273, 0.208, 3
14,0.217,2.016, 0.730, 3
17,0.140,1.461, -0.260, 3
20,0.145,1.539, 0.260, 3
23,0.135,1.281, 0.000, 3
26,0.187,1.625, -0.494, 3
29,0.340,2.141, -1.438, 3
30,0.101,0.859, -0.222, 4
Prompt: the bund shanghai, with an intense shaking effect aesthetic score: 6.5. motion score: 5.0.
step, cache_diff, mo_reg, mo_grad, new_rate
2,3.016,4.625, 3.625, 3
5,0.237,1.000, 0.000, 3
8,0.148,1.000, 0.000, 3
11,0.520,3.703, 2.078, 3
14,0.236,1.844, -0.312, 3
17,0.209,2.109, -0.832, 3
20,0.140,1.461, -0.260, 3
23,0.123,1.367, -0.234, 3
26,0.135,1.297, -0.234, 3
29,0.235,1.547, -0.688, 3
30,0.108,0.973, 0.091, 4
Prompt: a couple in formal evening wear going home get caught in a heavy downpour with umbrellas, in super slow motion aesthetic score: 6.5. motion score: 5.0.
step, cache_diff, mo_reg, mo_grad, new_rate
2,1.320,2.172, 1.172, 3
5,0.260,1.000, 0.000, 3
8,0.188,1.000, 0.000, 3
11,0.633,3.703, 2.078, 3
14,0.445,3.453, 1.406, 3
17,0.385,3.125, 0.832, 3
20,0.252,2.297, 0.000, 3
23,0.252,2.297, 0.000, 3
26,0.326,2.594, -0.416, 3
29,0.490,2.969, -1.148, 3
30,0.207,1.828, 0.000, 3
Prompt: a couple in formal evening wear going home get caught in a heavy downpour with umbrellas, in super slow motion aesthetic score: 6.5. motion score: 5.0.
step, cache_diff, mo_reg, mo_grad, new_rate
2,5.844,9.250, -8.250, 3
5,0.266,1.000, 0.000, 3
8,0.172,1.000, 0.000, 3
11,0.144,1.000, 0.000, 3
14,0.176,1.578, 0.443, 3
17,0.219,1.773, 0.494, 3
20,0.219,1.992, 0.547, 3
23,0.200,1.828, -0.547, 3
26,0.208,1.797, -0.730, 3
29,0.221,1.422, -0.508, 3
30,0.143,1.297, 0.299, 3
Prompt: a shark is swimming in the ocean, zoom out aesthetic score: 6.5. motion score: 5.0.
step, cache_diff, mo_reg, mo_grad, new_rate
2,0.668,1.000, 0.000, 3
5,0.289,1.000, 0.000, 3
8,0.133,1.000, 0.000, 3
11,0.180,2.203, -1.711, 3
14,0.050,0.641, 0.117, 8
22,0.036,0.602, 0.044, 10
29,0.037,0.559, -0.189, 10
30,0.013,0.396, 0.014, 12
Prompt: a shark is swimming in the ocean, zoom out aesthetic score: 6.5. motion score: 5.0.
step, cache_diff, mo_reg, mo_grad, new_rate
2,7.906,7.188, 6.188, 3
5,0.228,1.000, 0.000, 3
8,0.082,1.000, 0.000, 6
14,0.086,1.414, -1.031, 6
20,0.061,0.957, 0.359, 8
28,0.049,0.621, -0.117, 10
29,0.011,0.504, 0.000, 12
30,0.015,0.492, -0.054, 12
Prompt: the bund shanghai, racking focus aesthetic score: 6.5. motion score: 5.0.
step, cache_diff, mo_reg, mo_grad, new_rate
2,3.781,6.625, 5.625, 3
5,0.210,1.000, 0.000, 3
8,0.127,1.000, 0.000, 3
11,0.164,1.797, -1.133, 3
14,0.058,0.715, -0.078, 8
22,0.044,0.652, -0.073, 10
29,0.042,0.578, -0.434, 10
30,0.005,0.145, -0.031, 12
Prompt: the bund shanghai, racking focus aesthetic score: 6.5. motion score: 5.0.
step, cache_diff, mo_reg, mo_grad, new_rate
2,5.281,9.875, 8.875, 3
5,0.215,1.000, 0.000, 3
8,0.175,1.000, 0.000, 3
11,0.219,1.273, -0.391, 3
14,0.129,1.000, 0.091, 3
17,0.101,0.973, -0.091, 4
21,0.102,1.039, -0.264, 4
25,0.095,0.953, -0.293, 4
29,0.148,1.078, -0.695, 3
30,0.054,0.447, -0.091, 8
