Prompt: golden fish swimming in the ocean. aesthetic score: 6.5. motion score: 5.0.
sample_idx,step,cache_diff,mo_reg,mo_grad,new_rate
,2,0.672,1.000,0.000,3
,5,0.223,1.000,0.000,3
,8,0.188,1.000,0.000,3
,11,0.277,1.797,-1.133,3
,14,0.066,0.660,0.000,8
,22,0.057,0.758,0.054,8
,29,0.068,0.750,-0.225,8
,30,0.028,0.648,0.068,12
Prompt: golden fish swimming in the ocean. aesthetic score: 6.5. motion score: 5.0.
sample_idx,step,cache_diff,mo_reg,mo_grad,new_rate
,2,3.422,5.219,4.219,3
,5,0.243,1.000,0.000,3
,8,0.215,1.000,0.000,3
,11,0.146,1.273,-0.391,3
,14,0.110,1.195,-0.443,3
,17,0.088,1.016,-0.377,6
,23,0.055,0.699,0.039,8
,29,0.058,0.695,-0.171,8
,30,0.023,0.539,-0.085,12
Prompt: the bund shanghai, oil painting aesthetic score: 6.5. motion score: 5.0.
sample_idx,step,cache_diff,mo_reg,mo_grad,new_rate
,2,3.734,6.469,5.469,3
,5,0.279,1.000,0.000,3
,8,0.126,1.000,0.000,3
,11,0.206,2.281,-1.820,3
,14,0.039,0.492,-0.052,10
,24,0.025,0.439,-0.119,12
,29,0.015,0.289,-0.151,12
,30,0.004,0.135,-0.021,12
Prompt: the bund shanghai, oil painting aesthetic score: 6.5. motion score: 5.0.
sample_idx,step,cache_diff,mo_reg,mo_grad,new_rate
,2,5.000,9.875,8.875,3
,5,0.271,1.000,0.000,3
,8,0.223,1.000,0.000,3
,11,0.277,2.562,1.195,3
,14,0.129,1.539,-0.260,3
,17,0.104,1.281,0.000,4
,21,0.103,1.398,-0.195,4
,25,0.118,1.312,-0.176,3
,28,0.222,1.648,-0.738,3
,29,0.078,0.973,-0.091,6
,30,0.056,0.957,0.046,8
Prompt: an iron man is playing the electronic guitar, high electronic guitar. aesthetic score: 6.5. motion score: 5.0.
sample_idx,step,cache_diff,mo_reg,mo_grad,new_rate
,2,1.961,1.898,0.898,3
,5,0.171,1.000,0.000,3
,8,0.099,1.000,0.000,4
,12,0.137,1.609,-1.008,3
,15,0.119,1.055,0.352,3
,18,0.097,1.125,0.326,4
,22,0.138,1.719,0.656,3
,25,0.114,1.211,-0.208,3
,28,0.238,1.938,-1.344,3
,29,0.060,0.852,-0.365,8
,30,0.020,0.504,-0.081,12
Prompt: an iron man is playing the electronic guitar, high electronic guitar. aesthetic score: 6.5. motion score: 5.0.
sample_idx,step,cache_diff,mo_reg,mo_grad,new_rate
,2,5.500,6.781,5.781,3
,5,0.204,1.000,0.000,3
,8,0.207,1.000,0.000,3
,11,0.206,1.273,-0.391,3
,14,0.148,1.258,0.287,3
,17,0.118,1.102,0.104,3
,20,0.094,1.000,0.000,4
,24,0.109,1.219,0.156,4
,28,0.146,1.328,-0.449,3
,29,0.078,1.125,-0.352,6
,30,0.041,0.797,-0.046,10
Prompt: a cute fluffy panda eating chinese food in a restaurant aesthetic score: 6.5. motion score: 5.0.
sample_idx,step,cache_diff,mo_reg,mo_grad,new_rate
,2,3.328,3.500,2.500,3
,5,0.249,1.000,0.000,3
,8,0.158,1.000,0.000,3
,11,0.328,2.109,-1.586,3
,14,0.135,1.016,0.377,3
,17,0.103,0.926,0.222,4
,21,0.068,0.738,-0.059,8
,29,0.068,0.770,-0.449,8
,30,0.012,0.334,-0.068,12
Prompt: a cute fluffy panda eating chinese food in a restaurant aesthetic score: 6.5. motion score: 5.0.
sample_idx,step,cache_diff,mo_reg,mo_grad,new_rate
,2,8.312,8.375,7.344,3
,5,0.207,1.000,0.000,3
,8,0.175,1.000,0.000,3
,11,0.149,1.000,0.000,3
,14,0.155,1.070,-0.104,3
,17,0.116,1.102,0.104,3
,20,0.099,1.070,-0.104,4
,24,0.091,0.969,0.000,4
,28,0.113,0.969,0.000,3
,29,0.078,1.109,-0.195,6
,30,0.047,0.930,-0.046,10
Prompt: a squirrel eating a burger. aesthetic score: 6.5. motion score: 5.0.
sample_idx,step,cache_diff,mo_reg,mo_grad,new_rate
,2,1.070,2.172,1.172,3
,5,0.227,1.000,0.000,3
,8,0.191,1.000,0.000,3
,11,0.348,1.938,-1.344,3
,14,0.093,0.688,-0.130,4
,18,0.057,0.664,-0.176,8
,26,0.041,0.559,-0.354,10
,29,0.009,0.205,-0.134,12
,30,0.002,0.067,-0.021,12
Prompt: a squirrel eating a burger. aesthetic score: 6.5. motion score: 5.0.
sample_idx,step,cache_diff,mo_reg,mo_grad,new_rate
,2,6.000,10.500,9.500,3
,5,0.299,1.000,0.000,3
,8,0.160,1.000,0.000,3
,11,0.424,2.594,-2.266,3
,14,0.051,0.371,0.039,8
,22,0.044,0.574,0.135,10
,29,0.032,0.439,-0.182,10
,30,0.009,0.258,-0.053,12
Prompt: a beautiful coastal beach in spring, waves lapping on sand, black and white aesthetic score: 6.5. motion score: 5.0.
sample_idx,step,cache_diff,mo_reg,mo_grad,new_rate
,2,4.562,9.000,7.969,3
,5,0.254,1.000,0.000,3
,8,0.184,1.000,0.000,3
,11,0.104,1.273,-0.391,4
,15,0.072,1.008,-0.205,6
,21,0.058,0.867,-0.163,8
,29,0.074,0.812,-0.547,6
,30,0.016,0.266,0.000,12
Prompt: a beautiful coastal beach in spring, waves lapping on sand, black and white aesthetic score: 6.5. motion score: 5.0.
sample_idx,step,cache_diff,mo_reg,mo_grad,new_rate
,2,4.219,8.375,7.344,3
,5,0.242,1.000,0.000,3
,8,0.173,1.000,0.000,3
,11,0.130,1.211,-0.299,3
,14,0.088,1.219,-0.443,6
,20,0.056,0.910,-0.332,8
,28,0.052,0.625,-0.244,8
,29,0.011,0.391,-0.034,12
,30,0.010,0.355,0.000,12
Prompt: a beautiful coastal beach in spring, waves lapping on sand, watercolor painting aesthetic score: 6.5. motion score: 5.0.
sample_idx,step,cache_diff,mo_reg,mo_grad,new_rate
,2,7.375,7.438,6.438,3
,5,0.194,1.000,0.000,3
,8,0.135,1.000,0.000,3
,11,0.207,1.938,-1.344,3
,14,0.149,1.375,0.598,3
,17,0.089,0.949,-0.247,6
,23,0.055,0.719,-0.039,8
,29,0.066,0.809,-0.645,8
,30,0.008,0.180,-0.083,12
Prompt: a beautiful coastal beach in spring, waves lapping on sand, watercolor painting aesthetic score: 6.5. motion score: 5.0.
sample_idx,step,cache_diff,mo_reg,mo_grad,new_rate
,2,8.250,10.000,9.000,3
,5,0.279,1.000,0.000,3
,8,0.140,1.000,0.000,3
,11,0.424,2.219,0.938,3
,14,0.110,1.281,0.000,3
,17,0.130,1.617,0.260,3
,20,0.124,1.539,-0.260,3
,23,0.134,1.461,-0.260,3
,26,0.149,1.367,-0.234,3
,29,0.338,2.234,-1.570,3
,30,0.134,1.211,-0.785,3
Prompt: an astronaut flying in space, surrealism style aesthetic score: 6.5. motion score: 5.0.
sample_idx,step,cache_diff,mo_reg,mo_grad,new_rate
,2,3.078,6.781,5.781,3
,5,0.256,1.000,0.000,3
,8,0.171,1.000,0.000,3
,11,0.273,1.875,0.676,3
,14,0.151,1.203,0.000,3
,17,0.134,1.367,-0.234,3
,20,0.129,1.297,-0.234,3
,23,0.125,1.211,-0.208,3
,26,0.152,1.273,0.208,3
,29,0.217,1.281,-0.312,3
,30,0.167,1.375,0.312,3
Prompt: an astronaut flying in space, surrealism style aesthetic score: 6.5. motion score: 5.0.
sample_idx,step,cache_diff,mo_reg,mo_grad,new_rate
,2,0.832,1.625,-0.625,3
,5,0.295,1.000,0.000,3
,8,0.198,1.000,0.000,3
,11,0.208,2.219,0.938,3
,14,0.136,1.625,-0.494,3
,17,0.121,1.445,-0.443,3
,20,0.095,1.000,0.000,4
,24,0.120,1.219,0.156,3
,27,0.166,1.367,0.234,3
,29,0.178,1.438,0.234,3
,30,0.174,1.539,0.260,3
Prompt: the bund shanghai, pixel art aesthetic score: 6.5. motion score: 5.0.
sample_idx,step,cache_diff,mo_reg,mo_grad,new_rate
,2,1.953,3.812,-2.812,3
,5,0.264,1.000,0.000,3
,8,0.165,1.000,0.000,3
,11,0.305,2.922,1.477,3
,14,0.173,2.016,-0.809,3
,17,0.103,1.367,-0.234,4
,21,0.081,1.133,0.000,6
,27,0.141,1.531,0.247,3
,29,0.373,2.781,1.148,3
,30,0.361,2.969,1.039,3
Prompt: the bund shanghai, pixel art aesthetic score: 6.5. motion score: 5.0.
sample_idx,step,cache_diff,mo_reg,mo_grad,new_rate
,2,6.031,10.375,-9.375,3
,5,0.287,1.000,0.000,3
,8,0.108,1.000,0.000,4
,12,0.195,1.984,0.703,3
,15,0.120,1.281,0.000,3
,18,0.118,1.281,0.000,3
,21,0.190,1.992,0.547,3
,24,0.188,1.820,0.287,3
,27,0.214,1.734,-0.287,3
,29,0.184,1.445,0.000,3
,30,0.252,2.219,0.598,3
Prompt: a panda drinking coffee in a cafe in paris, van gogh style aesthetic score: 6.5. motion score: 5.0.
sample_idx,step,cache_diff,mo_reg,mo_grad,new_rate
,2,5.719,7.250,-6.250,3
,5,0.295,1.000,0.000,3
,8,0.185,1.000,0.000,3
,11,0.338,2.562,-2.234,3
,14,0.053,0.492,0.124,8
,22,0.034,0.527,0.088,10
,29,0.029,0.441,-0.277,12
,30,0.004,0.156,-0.033,12
Prompt: a panda drinking coffee in a cafe in paris, van gogh style aesthetic score: 6.5. motion score: 5.0.
sample_idx,step,cache_diff,mo_reg,mo_grad,new_rate
,2,8.438,9.750,8.750,3
,5,0.260,1.000,0.000,3
,8,0.167,1.000,0.000,3
,11,0.344,2.438,-2.062,3
,14,0.080,0.629,0.188,6
,20,0.037,0.449,-0.026,10
,29,0.032,0.424,-0.311,10
,30,0.004,0.113,-0.032,12
Prompt: cliff aesthetic score: 6.5. motion score: 5.0.
sample_idx,step,cache_diff,mo_reg,mo_grad,new_rate
,2,6.000,10.188,9.188,3
,5,0.285,1.000,0.000,3
,8,0.130,1.000,0.000,3
,11,0.105,1.070,-0.104,4
,15,0.098,1.219,-0.420,4
,19,0.074,1.016,-0.352,6
,25,0.058,0.766,-0.260,8
,29,0.038,0.539,-0.168,10
,30,0.016,0.451,0.041,12
Prompt: cliff aesthetic score: 6.5. motion score: 5.0.
sample_idx,step,cache_diff,mo_reg,mo_grad,new_rate
,2,4.781,6.906,5.906,3
,5,0.289,1.000,0.000,3
,8,0.237,1.000,0.000,3
,11,0.443,3.312,1.773,3
,14,0.170,1.734,-0.287,3
,17,0.139,1.648,-0.287,3
,20,0.124,1.539,-0.260,3
,23,0.125,1.461,-0.260,3
,26,0.136,1.367,-0.234,3
,29,0.222,1.445,-0.443,3
,30,0.145,1.273,0.208,3
Prompt: train railway aesthetic score: 6.5. motion score: 5.0.
sample_idx,step,cache_diff,mo_reg,mo_grad,new_rate
,2,0.875,1.625,-0.625,3
,5,0.295,1.000,0.000,3
,8,0.149,1.000,0.000,3
,11,0.235,2.031,-1.469,3
,14,0.073,0.727,0.130,6
,20,0.084,1.078,0.299,6
,26,0.093,1.062,0.176,4
,29,0.104,0.883,0.000,4
,30,0.085,0.977,0.068,6
Prompt: train railway aesthetic score: 6.5. motion score: 5.0.
sample_idx,step,cache_diff,mo_reg,mo_grad,new_rate
,2,1.516,1.898,0.898,3
,5,0.234,1.000,0.000,3
,8,0.140,1.000,0.000,3
,11,0.163,1.273,-0.391,3
,14,0.171,1.391,0.391,3
,17,0.132,1.070,-0.104,3
,20,0.141,1.375,0.312,3
,23,0.108,1.062,0.000,4
,27,0.117,1.062,0.000,3
,29,0.178,1.367,0.234,3
,30,0.174,1.438,0.234,3
Prompt: mountain aesthetic score: 6.5. motion score: 5.0.
sample_idx,step,cache_diff,mo_reg,mo_grad,new_rate
,2,1.656,3.031,-2.031,3
,5,0.230,1.000,0.000,3
,8,0.149,1.000,0.000,3
,11,0.149,1.211,-0.299,3
,14,0.108,0.973,-0.091,4
,18,0.120,1.188,-0.508,3
,21,0.074,0.781,-0.144,6
,27,0.066,0.664,-0.065,8
,29,0.030,0.617,-0.093,12
,30,0.016,0.512,-0.057,12
Prompt: mountain aesthetic score: 6.5. motion score: 5.0.
sample_idx,step,cache_diff,mo_reg,mo_grad,new_rate
,2,3.141,6.469,5.469,3
,5,0.210,1.000,0.000,3
,8,0.177,1.000,0.000,3
,11,0.336,1.875,0.676,3
,14,0.201,1.539,0.260,3
,17,0.138,1.281,0.000,3
,20,0.132,1.281,0.000,3
,23,0.153,1.461,-0.260,3
,26,0.187,1.531,-0.469,3
,29,0.277,1.672,-0.875,3
,30,0.112,0.918,-0.169,3
Prompt: castle aesthetic score: 6.5. motion score: 5.0.
sample_idx,step,cache_diff,mo_reg,mo_grad,new_rate
,2,2.484,3.500,2.500,3
,5,0.262,1.000,0.000,3
,8,0.130,1.000,0.000,3
,11,0.163,1.273,0.208,3
,14,0.231,1.672,0.469,3
,17,0.111,1.367,-0.234,3
,20,0.109,1.297,-0.234,4
,24,0.098,1.156,-0.156,4
,28,0.145,1.297,-0.498,3
,29,0.070,0.918,-0.169,6
,30,0.041,0.781,-0.078,10
Prompt: castle aesthetic score: 6.5. motion score: 5.0.
sample_idx,step,cache_diff,mo_reg,mo_grad,new_rate
,2,2.141,3.969,2.969,3
,5,0.279,1.000,0.000,3
,8,0.165,1.000,0.000,3
,11,0.228,1.750,-1.070,3
,14,0.148,1.203,0.404,3
,17,0.188,1.531,0.559,3
,20,0.112,0.969,0.000,3
,23,0.121,1.109,-0.195,3
,26,0.122,1.039,-0.183,3
,29,0.218,1.367,-0.730,3
,30,0.085,0.727,-0.130,6
Prompt: football field aesthetic score: 6.5. motion score: 5.0.
sample_idx,step,cache_diff,mo_reg,mo_grad,new_rate
,2,4.312,5.031,4.031,3
,5,0.237,1.000,0.000,3
,8,0.165,1.000,0.000,3
,11,0.291,2.219,0.938,3
,14,0.182,1.281,0.000,3
,17,0.187,1.625,-0.494,3
,20,0.141,1.445,-0.443,3
,23,0.100,1.070,-0.104,4
,27,0.121,1.141,-0.283,3
,29,0.128,1.039,-0.260,3
,30,0.126,1.117,0.260,3
Prompt: football field aesthetic score: 6.5. motion score: 5.0.
sample_idx,step,cache_diff,mo_reg,mo_grad,new_rate
,2,1.383,2.438,1.445,3
,5,0.330,1.000,0.000,3
,8,0.130,1.000,0.000,3
,11,0.181,1.875,0.676,3
,14,0.107,1.203,0.000,4
,18,0.122,1.477,0.195,3
,21,0.211,2.359,0.832,3
,24,0.185,1.938,0.312,3
,27,0.189,1.625,0.000,3
,29,0.309,2.500,0.676,3
,30,0.242,2.297,0.365,3
Prompt: a yellow suitcase aesthetic score: 6.5. motion score: 5.0.
sample_idx,step,cache_diff,mo_reg,mo_grad,new_rate
,2,6.156,10.375,-9.375,3
,5,0.346,1.000,0.000,3
,8,0.204,1.000,0.000,3
,11,0.281,2.109,-1.586,3
,14,0.093,0.758,-0.332,4
,18,0.043,0.527,-0.171,10
,28,0.025,0.355,-0.211,12
,29,0.003,0.143,-0.009,12
,30,0.004,0.128,-0.028,12
Prompt: a yellow suitcase aesthetic score: 6.5. motion score: 5.0.
sample_idx,step,cache_diff,mo_reg,mo_grad,new_rate
,2,6.438,10.000,9.000,3
,5,0.357,1.000,0.000,3
,8,0.188,1.000,0.000,3
,11,0.240,2.156,-1.656,3
,14,0.068,0.742,0.183,8
,22,0.036,0.586,-0.129,10
,29,0.030,0.455,-0.146,12
,30,0.010,0.352,0.020,12
Prompt: a blue suitcase aesthetic score: 6.5. motion score: 5.0.
sample_idx,step,cache_diff,mo_reg,mo_grad,new_rate
,2,4.594,7.688,6.688,3
,5,0.246,1.000,0.000,3
,8,0.163,1.000,0.000,3
,11,0.228,1.875,0.676,3
,14,0.123,1.203,0.000,3
,17,0.124,1.367,-0.234,3
,20,0.114,1.297,-0.234,3
,23,0.100,1.062,0.000,4
,27,0.117,1.062,0.000,3
,29,0.170,1.367,0.234,3
,30,0.189,1.773,0.494,3
Prompt: a blue suitcase aesthetic score: 6.5. motion score: 5.0.
sample_idx,step,cache_diff,mo_reg,mo_grad,new_rate
,2,2.594,3.812,-2.812,3
,5,0.287,1.000,0.000,3
,8,0.163,1.000,0.000,3
,11,0.289,2.219,0.938,3
,14,0.195,1.461,-0.260,3
,17,0.111,1.203,0.000,3
,20,0.112,1.203,0.000,3
,23,0.126,1.367,-0.234,3
,26,0.119,1.133,0.000,3
,29,0.268,1.773,0.494,3
,30,0.211,1.992,0.547,3
Prompt: a blue car aesthetic score: 6.5. motion score: 5.0.
sample_idx,step,cache_diff,mo_reg,mo_grad,new_rate
,2,5.156,5.438,-4.438,3
,5,0.252,1.000,0.000,3
,8,0.141,1.000,0.000,3
,11,0.299,2.828,-2.609,3
,14,0.041,0.414,0.149,10
,24,0.018,0.289,0.012,12
,29,0.013,0.248,-0.140,12
,30,0.003,0.104,-0.026,12
Prompt: a blue car aesthetic score: 6.5. motion score: 5.0.
sample_idx,step,cache_diff,mo_reg,mo_grad,new_rate
,2,11.938,10.250,9.250,3
,5,0.191,1.000,0.000,3
,8,0.181,1.000,0.000,3
,11,0.250,2.281,-1.820,3
,14,0.087,0.992,0.412,6
,20,0.039,0.613,-0.091,10
,29,0.037,0.527,-0.426,10
,30,0.004,0.137,0.018,12
Prompt: a green clock aesthetic score: 6.5. motion score: 5.0.
sample_idx,step,cache_diff,mo_reg,mo_grad,new_rate
,2,10.062,9.812,8.812,3
,5,0.159,1.000,0.000,3
,8,0.083,1.000,0.000,6
,14,0.088,1.555,-1.383,6
,20,0.010,0.178,-0.021,12
,29,0.008,0.134,-0.111,12
,30,0.000,0.021,-0.007,12
Prompt: a green clock aesthetic score: 6.5. motion score: 5.0.
sample_idx,step,cache_diff,mo_reg,mo_grad,new_rate
,2,11.625,10.875,9.875,3
,5,0.146,1.000,0.000,3
,8,0.082,1.000,0.000,6
,14,0.083,1.562,-1.406,6
,20,0.011,0.208,0.032,12
,29,0.009,0.150,-0.125,12
,30,0.001,0.025,-0.006,12
Prompt: a purple bowl aesthetic score: 6.5. motion score: 5.0.
sample_idx,step,cache_diff,mo_reg,mo_grad,new_rate
,2,5.062,10.812,9.812,3
,5,0.271,1.000,0.000,3
,8,0.121,1.000,0.000,3
,11,0.100,1.000,0.000,4
,15,0.104,1.172,-0.293,4
,19,0.086,1.039,-0.264,6
,25,0.072,0.871,-0.234,6
,29,0.076,0.805,-0.422,6
,30,0.027,0.455,0.046,12
Prompt: a purple bowl aesthetic score: 6.5. motion score: 5.0.
sample_idx,step,cache_diff,mo_reg,mo_grad,new_rate
,2,3.094,6.906,5.906,3
,5,0.226,1.000,0.000,3
,8,0.194,1.000,0.000,3
,11,0.211,1.578,0.443,3
,14,0.157,1.445,-0.443,3
,17,0.113,1.211,-0.299,3
,20,0.091,1.039,-0.183,4
,24,0.102,1.086,-0.381,4
,28,0.109,0.891,-0.312,4
,29,0.035,0.578,0.000,10
,30,0.020,0.578,0.000,12
Prompt: a train accelerating to gain speed aesthetic score: 6.5. motion score: 5.0.
sample_idx,step,cache_diff,mo_reg,mo_grad,new_rate
,2,3.859,5.219,4.219,3
,5,0.268,1.000,0.000,3
,8,0.160,1.000,0.000,3
,11,1.578,9.750,6.750,3
,14,0.852,4.531,1.148,3
,17,0.898,6.750,2.609,3
,20,0.715,6.188,1.562,3
,23,0.531,4.625,0.000,3
,26,0.641,5.219,-0.832,3
,29,0.801,4.875,-0.730,3
,30,0.676,6.188,1.562,3
Prompt: a train accelerating to gain speed aesthetic score: 6.5. motion score: 5.0.
sample_idx,step,cache_diff,mo_reg,mo_grad,new_rate
,2,29.125,37.250,-36.250,3
,5,0.275,1.000,0.000,3
,8,0.198,1.000,0.000,3
,11,0.320,2.219,0.938,3
,14,0.996,6.219,3.797,3
,17,0.312,3.031,0.469,3
,20,0.324,3.234,0.520,3
,23,0.426,4.062,1.039,3
,26,0.527,4.531,1.148,3
,29,0.801,4.906,-2.188,3
,30,0.354,3.078,-0.520,3
Prompt: a person playing guitar aesthetic score: 6.5. motion score: 5.0.
sample_idx,step,cache_diff,mo_reg,mo_grad,new_rate
,2,9.688,16.625,-15.625,3
,5,0.285,1.000,0.000,3
,8,0.113,1.000,0.000,3
,11,0.132,1.750,-1.070,3
,14,0.084,0.914,-0.338,6
,20,0.042,0.629,0.032,10
,29,0.048,0.598,-0.242,10
,30,0.012,0.355,-0.035,12
Prompt: a person playing guitar aesthetic score: 6.5. motion score: 5.0.
sample_idx,step,cache_diff,mo_reg,mo_grad,new_rate
,2,4.312,7.812,6.812,3
,5,0.230,1.000,0.000,3
,8,0.142,1.000,0.000,3
,11,0.221,2.219,0.938,3
,14,0.232,1.992,0.547,3
,17,0.164,1.445,0.000,3
,20,0.136,1.445,0.000,3
,23,0.188,1.828,-0.547,3
,26,0.179,1.461,-0.260,3
,29,0.338,2.016,-1.156,3
,30,0.113,0.984,-0.183,3
Prompt: an airplane soaring through a clear blue sky aesthetic score: 6.5. motion score: 5.0.
sample_idx,step,cache_diff,mo_reg,mo_grad,new_rate
,2,2.922,3.000,1.992,3
,5,0.216,1.000,0.000,3
,8,0.108,1.000,0.000,4
,12,0.141,2.141,-1.906,3
,15,0.033,0.449,0.163,10
,25,0.044,0.688,0.201,10
,29,0.023,0.488,-0.231,12
,30,0.007,0.249,-0.044,12
Prompt: an airplane soaring through a clear blue sky aesthetic score: 6.5. motion score: 5.0.
sample_idx,step,cache_diff,mo_reg,mo_grad,new_rate
,2,8.250,9.000,7.969,3
,5,0.228,1.000,0.000,3
,8,0.105,1.000,0.000,4
,12,0.132,1.945,-1.578,3
,15,0.061,0.672,0.234,8
,23,0.043,0.707,0.148,10
,29,0.032,0.559,-0.271,10
,30,0.010,0.287,-0.021,12
Prompt: a bicycle slowing down to stop aesthetic score: 6.5. motion score: 5.0.
sample_idx,step,cache_diff,mo_reg,mo_grad,new_rate
,2,7.781,8.375,7.344,3
,5,0.190,1.000,0.000,3
,8,0.191,1.000,0.000,3
,11,0.297,2.203,-1.711,3
,14,0.078,0.641,0.117,6
,20,0.049,0.617,0.059,10
,29,0.042,0.559,-0.135,10
,30,0.017,0.555,0.064,12
Prompt: a bicycle slowing down to stop aesthetic score: 6.5. motion score: 5.0.
sample_idx,step,cache_diff,mo_reg,mo_grad,new_rate
,2,5.812,6.125,5.125,3
,5,0.194,1.000,0.000,3
,8,0.162,1.000,0.000,3
,11,0.185,1.000,0.000,3
,14,0.447,2.562,1.195,3
,17,0.213,1.734,0.287,3
,20,0.158,1.445,0.000,3
,23,0.167,1.648,-0.287,3
,26,0.169,1.539,-0.260,3
,29,0.221,1.461,-0.260,3
,30,0.198,1.875,0.520,3
Prompt: an airplane landing smoothly on a runway aesthetic score: 6.5. motion score: 5.0.
sample_idx,step,cache_diff,mo_reg,mo_grad,new_rate
,2,2.578,4.594,-3.594,3
,5,0.277,1.000,0.000,3
,8,0.196,1.000,0.000,3
,11,0.153,1.273,0.208,3
,14,0.210,2.016,0.730,3
,17,0.184,1.992,0.547,3
,20,0.260,2.625,0.910,3
,23,0.277,2.672,0.730,3
,26,0.219,1.938,0.000,3
,29,0.385,2.406,0.365,3
,30,0.355,3.125,0.832,3
Prompt: an airplane landing smoothly on a runway aesthetic score: 6.5. motion score: 5.0.
sample_idx,step,cache_diff,mo_reg,mo_grad,new_rate
,2,8.875,14.000,-13.000,3
,5,0.291,1.000,0.000,3
,8,0.194,1.000,0.000,3
,11,0.188,1.578,0.443,3
,14,0.152,1.438,0.234,3
,17,0.226,2.250,0.809,3
,20,0.142,1.445,0.000,3
,23,0.216,2.219,0.598,3
,26,0.204,1.844,-0.312,3
,29,0.297,1.938,-0.574,3
,30,0.193,1.734,0.287,3
Prompt: a person is driving car aesthetic score: 6.5. motion score: 5.0.
sample_idx,step,cache_diff,mo_reg,mo_grad,new_rate
,2,3.375,5.438,-4.438,3
,5,0.311,1.000,0.000,3
,8,0.239,1.000,0.000,3
,11,0.742,4.562,2.750,3
,14,0.439,3.312,1.148,3
,17,0.279,2.719,0.416,3
,20,0.277,2.875,-0.832,3
,23,0.229,2.297,-0.365,3
,26,0.235,2.188,-0.365,3
,29,0.314,2.078,-0.365,3
,30,0.229,2.188,0.365,3
Prompt: a person is driving car aesthetic score: 6.5. motion score: 5.0.
sample_idx,step,cache_diff,mo_reg,mo_grad,new_rate
,2,6.969,9.250,-8.250,3
,5,0.314,1.000,0.000,3
,8,0.181,1.000,0.000,3
,11,0.220,1.273,0.208,3
,14,0.340,2.719,1.273,3
,17,0.238,2.219,0.598,3
,20,0.188,1.844,-0.312,3
,23,0.149,1.531,0.000,3
,26,0.188,1.734,-0.287,3
,29,0.277,1.820,0.287,3
,30,0.201,1.938,0.312,3
Prompt: a person is shooting goal soccer aesthetic score: 6.5. motion score: 5.0.
sample_idx,step,cache_diff,mo_reg,mo_grad,new_rate
,2,5.812,7.250,-6.250,3
,5,0.233,1.000,0.000,3
,8,0.195,1.000,0.000,3
,11,0.171,1.000,0.000,3
,14,0.500,3.312,1.773,3
,17,0.244,1.734,-0.287,3
,20,0.185,1.445,0.000,3
,23,0.155,1.445,0.000,3
,26,0.240,2.016,-0.809,3
,29,0.311,1.953,-1.070,3
,30,0.130,1.125,-0.352,3
Prompt: a person is shooting goal soccer aesthetic score: 6.5. motion score: 5.0.
sample_idx,step,cache_diff,mo_reg,mo_grad,new_rate
,2,2.875,3.219,2.219,3
,5,0.287,1.000,0.000,3
,8,0.188,1.000,0.000,3
,11,0.418,3.312,1.773,3
,14,0.273,1.938,0.312,3
,17,0.239,2.031,0.312,3
,20,0.205,1.938,-0.312,3
,23,0.217,2.047,-0.598,3
,26,0.258,2.016,-0.809,3
,29,0.377,2.141,-1.344,3
,30,0.106,0.855,-0.078,4
Prompt: a person is dancing ballet aesthetic score: 6.5. motion score: 5.0.
sample_idx,step,cache_diff,mo_reg,mo_grad,new_rate
,2,1.633,3.219,2.219,3
,5,0.252,1.000,0.000,3
,8,0.143,1.000,0.000,3
,11,0.244,2.219,0.938,3
,14,0.177,1.617,0.260,3
,17,0.160,1.539,-0.260,3
,20,0.210,1.992,0.547,3
,23,0.248,2.219,0.598,3
,26,0.264,2.047,-0.598,3
,29,0.307,1.828,-0.547,3
,30,0.236,1.992,0.547,3
Prompt: a person is dancing ballet aesthetic score: 6.5. motion score: 5.0.
sample_idx,step,cache_diff,mo_reg,mo_grad,new_rate
,2,3.000,5.438,-4.438,3
,5,0.238,1.000,0.000,3
,8,0.171,1.000,0.000,3
,11,0.416,2.922,1.477,3
,14,0.185,1.445,0.000,3
,17,0.173,1.445,0.000,3
,20,0.260,2.219,0.598,3
,23,0.188,1.625,0.000,3
,26,0.254,2.031,0.312,3
,29,0.359,2.188,0.365,3
,30,0.326,2.781,0.730,3
Prompt: a person is pushing cart aesthetic score: 6.5. motion score: 5.0.
sample_idx,step,cache_diff,mo_reg,mo_grad,new_rate
,2,6.562,11.500,-10.500,3
,5,0.241,1.000,0.000,3
,8,0.218,1.000,0.000,3
,11,0.140,1.273,0.208,3
,14,0.122,1.062,0.000,3
,17,0.146,1.484,-0.598,3
,20,0.097,1.078,-0.273,4
,24,0.090,0.984,-0.303,4
,28,0.122,1.016,-0.562,3
,29,0.043,0.559,-0.149,10
,30,0.013,0.410,-0.055,12
Prompt: a person is pushing cart aesthetic score: 6.5. motion score: 5.0.
sample_idx,step,cache_diff,mo_reg,mo_grad,new_rate
,2,5.188,7.438,6.438,3
,5,0.299,1.000,0.000,3
,8,0.136,1.000,0.000,3
,11,0.314,2.219,0.938,3
,14,0.163,1.461,-0.260,3
,17,0.163,1.539,0.260,3
,20,0.122,1.281,0.000,3
,23,0.197,1.992,0.547,3
,26,0.203,1.820,0.287,3
,29,0.318,1.938,0.312,3
,30,0.231,2.031,0.312,3
Prompt: a person is riding scooter aesthetic score: 6.5. motion score: 5.0.
sample_idx,step,cache_diff,mo_reg,mo_grad,new_rate
,2,4.906,8.188,-7.188,3
,5,0.289,1.000,0.000,3
,8,0.215,1.000,0.000,3
,11,0.200,1.273,0.208,3
,14,0.236,2.016,0.730,3
,17,0.158,1.617,0.260,3
,20,0.163,1.734,0.287,3
,23,0.139,1.445,0.000,3
,26,0.202,1.820,0.287,3
,29,0.326,2.109,-0.832,3
,30,0.142,1.281,0.000,3
Prompt: a person is riding scooter aesthetic score: 6.5. motion score: 5.0.
sample_idx,step,cache_diff,mo_reg,mo_grad,new_rate
,2,2.516,3.812,-2.812,3
,5,0.242,1.000,0.000,3
,8,0.181,1.000,0.000,3
,11,0.498,3.312,1.773,3
,14,0.350,2.344,0.625,3
,17,0.342,3.141,1.094,3
,20,0.239,2.047,0.000,3
,23,0.348,3.125,0.832,3
,26,0.264,2.297,0.000,3
,29,0.363,2.297,0.000,3
,30,0.391,3.453,0.887,3
Prompt: balloon full of water exploding in extreme slow motion. aesthetic score: 6.5. motion score: 5.0.
sample_idx,step,cache_diff,mo_reg,mo_grad,new_rate
,2,11.188,16.625,-15.625,3
,5,0.262,1.000,0.000,3
,8,0.156,1.000,0.000,3
,11,0.194,1.578,-0.832,3
,14,0.137,1.203,0.352,3
,17,0.085,0.855,0.000,6
,23,0.066,0.855,0.000,8
,29,0.071,0.906,-0.244,6
,30,0.041,0.773,0.072,10
Prompt: balloon full of water exploding in extreme slow motion. aesthetic score: 6.5. motion score: 5.0.
sample_idx,step,cache_diff,mo_reg,mo_grad,new_rate
,2,2.297,3.969,2.969,3
,5,0.275,1.000,0.000,3
,8,0.256,1.000,0.000,3
,11,0.144,1.336,-0.482,3
,14,0.087,0.855,0.000,6
,20,0.093,1.156,0.188,4
,24,0.099,1.055,-0.146,4
,28,0.113,0.953,-0.068,3
,29,0.075,1.000,0.091,6
,30,0.060,1.148,0.149,8
Prompt: vincent van gogh is painting in the room aesthetic score: 6.5. motion score: 5.0.
sample_idx,step,cache_diff,mo_reg,mo_grad,new_rate
,2,0.598,1.000,0.000,3
,5,0.295,1.000,0.000,3
,8,0.130,1.000,0.000,3
,11,0.227,1.875,0.676,3
,14,0.169,1.539,0.260,3
,17,0.146,1.461,-0.260,3
,20,0.116,1.203,0.000,3
,23,0.120,1.203,0.000,3
,26,0.180,1.539,0.260,3
,29,0.324,1.992,0.547,3
,30,0.157,1.445,0.000,3
Prompt: vincent van gogh is painting in the room aesthetic score: 6.5. motion score: 5.0.
sample_idx,step,cache_diff,mo_reg,mo_grad,new_rate
,2,3.234,5.438,-4.438,3
,5,0.250,1.000,0.000,3
,8,0.155,1.000,0.000,3
,11,0.316,2.562,1.195,3
,14,0.293,2.516,0.887,3
,17,0.270,2.500,0.676,3
,20,0.186,1.828,0.000,3
,23,0.186,1.828,0.000,3
,26,0.208,1.828,0.000,3
,29,0.395,2.297,0.365,3
,30,0.416,3.500,1.195,3
Prompt: a raccoon dressed in suit playing the trumpet, stage background aesthetic score: 6.5. motion score: 5.0.
sample_idx,step,cache_diff,mo_reg,mo_grad,new_rate
,2,10.938,14.000,-13.000,3
,5,0.295,1.000,0.000,3
,8,0.192,1.000,0.000,3
,11,0.236,1.469,-0.664,3
,14,0.252,1.664,0.664,3
,17,0.140,1.273,0.208,3
,20,0.137,1.367,0.234,3
,23,0.132,1.438,0.234,3
,26,0.126,1.203,0.000,3
,29,0.184,1.203,0.000,3
,30,0.162,1.531,-0.469,3
Prompt: a raccoon dressed in suit playing the trumpet, stage background aesthetic score: 6.5. motion score: 5.0.
sample_idx,step,cache_diff,mo_reg,mo_grad,new_rate
,2,1.000,1.625,-0.625,3
,5,0.318,1.000,0.000,3
,8,0.198,1.000,0.000,3
,11,0.314,2.219,0.938,3
,14,0.213,1.617,0.260,3
,17,0.246,2.109,0.574,3
,20,0.159,1.531,0.000,3
,23,0.189,1.938,0.312,3
,26,0.221,2.031,0.312,3
,29,0.488,3.141,1.094,3
,30,0.336,3.125,0.832,3
Prompt: an astronaut flying in space. aesthetic score: 6.5. motion score: 5.0.
sample_idx,step,cache_diff,mo_reg,mo_grad,new_rate
,2,7.562,14.000,-13.000,3
,5,0.219,1.000,0.000,3
,8,0.157,1.000,0.000,3
,11,0.204,1.984,-1.406,3
,14,0.063,0.750,-0.247,8
,22,0.036,0.535,-0.151,10
,29,0.027,0.383,-0.299,12
,30,0.002,0.084,-0.003,12
Prompt: an astronaut flying in space. aesthetic score: 6.5. motion score: 5.0.
sample_idx,step,cache_diff,mo_reg,mo_grad,new_rate
,2,5.000,10.188,9.188,3
,5,0.233,1.000,0.000,3
,8,0.165,1.000,0.000,3
,11,0.200,1.578,-0.832,3
,14,0.097,0.859,-0.156,4
,18,0.062,0.703,0.000,8
,26,0.061,0.773,-0.350,8
,29,0.028,0.461,-0.184,12
,30,0.009,0.334,0.026,12
Prompt: the bund shanghai, vibrant color aesthetic score: 6.5. motion score: 5.0.
sample_idx,step,cache_diff,mo_reg,mo_grad,new_rate
,2,3.812,7.906,6.906,3
,5,0.271,1.000,0.000,3
,8,0.160,1.000,0.000,3
,11,0.149,1.336,-0.482,3
,14,0.093,0.973,0.091,4
,18,0.078,0.883,0.000,6
,24,0.083,1.016,-0.338,6
,29,0.104,0.984,-0.766,4
,30,0.025,0.289,-0.112,12
Prompt: the bund shanghai, vibrant color aesthetic score: 6.5. motion score: 5.0.
sample_idx,step,cache_diff,mo_reg,mo_grad,new_rate
,2,5.344,9.250,8.250,3
,5,0.312,1.000,0.000,3
,8,0.121,1.000,0.000,3
,11,0.121,1.273,-0.391,3
,14,0.082,0.945,-0.091,6
,20,0.060,0.855,0.000,8
,28,0.073,0.906,-0.244,6
,29,0.026,0.703,-0.104,12
,30,0.020,0.750,0.068,12
Prompt: a cow bending down to drink water from a river aesthetic score: 6.5. motion score: 5.0.
sample_idx,step,cache_diff,mo_reg,mo_grad,new_rate
,2,2.312,4.188,3.203,3
,5,0.264,1.000,0.000,3
,8,0.198,1.000,0.000,3
,11,0.206,1.578,0.443,3
,14,0.137,1.133,0.000,3
,17,0.147,1.445,-0.443,3
,20,0.135,1.273,0.208,3
,23,0.180,1.672,0.469,3
,26,0.183,1.539,0.260,3
,29,0.387,2.359,0.832,3
,30,0.385,3.281,1.352,3
Prompt: a cow bending down to drink water from a river aesthetic score: 6.5. motion score: 5.0.
sample_idx,step,cache_diff,mo_reg,mo_grad,new_rate
,2,5.969,10.375,-9.375,3
,5,0.266,1.000,0.000,3
,8,0.207,1.000,0.000,3
,11,0.439,3.703,2.078,3
,14,0.217,2.047,-0.598,3
,17,0.164,1.828,-0.547,3
,20,0.131,1.461,-0.260,3
,23,0.123,1.203,0.000,3
,26,0.146,1.203,0.000,3
,29,0.258,1.531,-0.469,3
,30,0.198,1.672,0.469,3
Prompt: a person walking in the snowstorm aesthetic score: 6.5. motion score: 5.0.
sample_idx,step,cache_diff,mo_reg,mo_grad,new_rate
,2,1.859,3.031,-2.031,3
,5,0.316,1.000,0.000,3
,8,0.146,1.000,0.000,3
,11,0.719,6.094,3.922,3
,14,0.268,2.719,0.416,3
,17,0.239,2.594,-0.416,3
,20,0.227,2.719,0.416,3
,23,0.206,2.297,0.000,3
,26,0.398,3.453,0.887,3
,29,1.023,6.062,2.703,3
,30,0.781,6.750,2.609,3
Prompt: a person walking in the snowstorm aesthetic score: 6.5. motion score: 5.0.
sample_idx,step,cache_diff,mo_reg,mo_grad,new_rate
,2,24.750,32.500,-31.500,3
,5,0.275,1.000,0.000,3
,8,0.140,1.000,0.000,3
,11,0.163,1.273,0.208,3
,14,0.122,1.367,0.234,3
,17,0.160,1.773,0.494,3
,20,0.113,1.281,0.000,3
,23,0.330,2.781,1.148,3
,26,0.279,2.500,0.676,3
,29,0.375,2.297,0.365,3
,30,0.396,3.500,1.195,3
Prompt: an elephant running to join a herd of its kind aesthetic score: 6.5. motion score: 5.0.
sample_idx,step,cache_diff,mo_reg,mo_grad,new_rate
,2,8.250,14.000,-13.000,3
,5,0.256,1.000,0.000,3
,8,0.125,1.000,0.000,3
,11,0.201,1.469,-0.664,3
,14,0.100,0.855,-0.078,4
,18,0.082,0.859,0.059,6
,24,0.072,0.801,0.000,6
,29,0.103,0.984,-0.463,4
,30,0.045,0.523,0.000,10
Prompt: an elephant running to join a herd of its kind aesthetic score: 6.5. motion score: 5.0.
sample_idx,step,cache_diff,mo_reg,mo_grad,new_rate
,2,3.406,5.750,4.750,3
,5,0.301,1.000,0.000,3
,8,0.126,1.000,0.000,3
,11,0.142,1.469,-0.664,3
,14,0.067,0.855,-0.078,8
,22,0.050,0.777,0.000,8
,29,0.075,0.812,-0.176,6
,30,0.040,0.699,0.039,10
Prompt: a dog running happily aesthetic score: 6.5. motion score: 5.0.
sample_idx,step,cache_diff,mo_reg,mo_grad,new_rate
,2,3.500,4.406,3.406,3
,5,0.247,1.000,0.000,3
,8,0.153,1.000,0.000,3
,11,0.139,1.273,-0.391,3
,14,0.186,1.656,0.598,3
,17,0.133,1.211,-0.208,3
,20,0.094,1.000,0.000,4
,24,0.094,1.000,0.000,4
,28,0.143,1.219,-0.361,3
,29,0.062,0.855,0.000,8
,30,0.040,0.977,0.068,10
Prompt: a dog running happily aesthetic score: 6.5. motion score: 5.0.
sample_idx,step,cache_diff,mo_reg,mo_grad,new_rate
,2,1.211,1.898,0.898,3
,5,0.242,1.000,0.000,3
,8,0.199,1.000,0.000,3
,11,0.260,1.750,-1.070,3
,14,0.101,0.781,0.078,4
,18,0.142,1.422,0.516,3
,21,0.139,1.297,0.299,3
,24,0.142,1.273,0.208,3
,27,0.134,1.062,0.000,3
,29,0.175,1.422,-0.508,3
,30,0.100,0.910,0.000,4
Prompt: a cow chewing cud while resting in a tranquil barn aesthetic score: 6.5. motion score: 5.0.
sample_idx,step,cache_diff,mo_reg,mo_grad,new_rate
,2,1.125,1.898,0.898,3
,5,0.301,1.000,0.000,3
,8,0.153,1.000,0.000,3
,11,0.188,1.273,0.208,3
,14,0.243,1.422,-0.508,3
,17,0.146,1.164,-0.365,3
,20,0.099,0.855,-0.078,4
,24,0.098,0.922,-0.244,4
,28,0.133,1.078,-0.672,3
,29,0.044,0.539,-0.183,10
,30,0.012,0.355,-0.047,12
Prompt: a cow chewing cud while resting in a tranquil barn aesthetic score: 6.5. motion score: 5.0.
sample_idx,step,cache_diff,mo_reg,mo_grad,new_rate
,2,3.953,7.906,6.906,3
,5,0.271,1.000,0.000,3
,8,0.161,1.000,0.000,3
,11,0.146,1.273,0.208,3
,14,0.152,1.422,-0.508,3
,17,0.087,0.973,-0.091,6
,23,0.081,1.031,-0.369,6
,29,0.101,0.914,-0.637,4
,30,0.025,0.295,-0.029,12
Prompt: a wine glass and a chair aesthetic score: 6.5. motion score: 5.0.
sample_idx,step,cache_diff,mo_reg,mo_grad,new_rate
,2,3.781,8.375,7.344,3
,5,0.264,1.000,0.000,3
,8,0.252,1.000,0.000,3
,11,0.165,1.750,-1.070,3
,14,0.072,0.727,-0.065,6
,20,0.054,0.715,-0.137,8
,28,0.052,0.625,-0.244,8
,29,0.013,0.445,0.034,12
,30,0.013,0.465,0.024,12
Prompt: a wine glass and a chair aesthetic score: 6.5. motion score: 5.0.
sample_idx,step,cache_diff,mo_reg,mo_grad,new_rate
,2,3.344,6.625,5.625,3
,5,0.318,1.000,0.000,3
,8,0.096,1.000,0.000,4
,12,0.107,1.633,-1.055,4
,16,0.046,0.766,-0.309,10
,26,0.029,0.455,-0.086,12
,29,0.015,0.369,0.000,12
,30,0.010,0.369,0.000,12
Prompt: a car and a motorcycle aesthetic score: 6.5. motion score: 5.0.
sample_idx,step,cache_diff,mo_reg,mo_grad,new_rate
,2,4.438,7.312,6.312,3
,5,0.307,1.000,0.000,3
,8,0.180,1.000,0.000,3
,11,0.151,1.070,-0.104,3
,14,0.241,1.984,0.781,3
,17,0.172,1.539,0.260,3
,20,0.168,1.617,0.260,3
,23,0.136,1.359,0.000,3
,26,0.168,1.539,-0.260,3
,29,0.252,1.617,0.260,3
,30,0.234,2.109,0.574,3
Prompt: a car and a motorcycle aesthetic score: 6.5. motion score: 5.0.
sample_idx,step,cache_diff,mo_reg,mo_grad,new_rate
,2,6.125,6.312,-5.312,3
,5,0.212,1.000,0.000,3
,8,0.214,1.000,0.000,3
,11,0.192,1.211,-0.299,3
,14,0.096,0.910,0.000,4
,18,0.076,0.953,-0.068,6
,24,0.070,0.953,-0.176,6
,29,0.088,0.898,-0.299,6
,30,0.044,0.766,0.104,10
Prompt: a bowl and a remote aesthetic score: 6.5. motion score: 5.0.
sample_idx,step,cache_diff,mo_reg,mo_grad,new_rate
,2,2.703,4.406,3.406,3
,5,0.281,1.000,0.000,3
,8,0.133,1.000,0.000,3
,11,0.177,2.109,-1.586,3
,14,0.047,0.570,-0.065,10
,24,0.030,0.504,-0.064,10
,29,0.027,0.439,-0.219,12
,30,0.006,0.216,-0.026,12
Prompt: a bowl and a remote aesthetic score: 6.5. motion score: 5.0.
sample_idx,step,cache_diff,mo_reg,mo_grad,new_rate
,2,4.781,9.125,8.125,3
,5,0.242,1.000,0.000,3
,8,0.132,1.000,0.000,3
,11,0.154,1.750,-1.070,3
,14,0.060,0.680,0.000,8
,22,0.046,0.699,-0.103,10
,29,0.042,0.598,-0.393,10
,30,0.007,0.205,-0.029,12
Prompt: a tie and a suitcase aesthetic score: 6.5. motion score: 5.0.
sample_idx,step,cache_diff,mo_reg,mo_grad,new_rate
,2,7.562,9.250,8.250,3
,5,0.219,1.000,0.000,3
,8,0.113,1.000,0.000,3
,11,0.109,1.000,0.000,4
,15,0.145,1.219,0.156,3
,18,0.127,1.062,0.000,3
,21,0.157,1.367,0.234,3
,24,0.195,1.773,0.494,3
,27,0.156,1.281,0.000,3
,29,0.155,1.281,0.000,3
,30,0.162,1.461,-0.260,3
Prompt: a tie and a suitcase aesthetic score: 6.5. motion score: 5.0.
sample_idx,step,cache_diff,mo_reg,mo_grad,new_rate
,2,2.406,3.031,-2.031,3
,5,0.230,1.000,0.000,3
,8,0.220,1.000,0.000,3
,11,0.133,1.000,0.000,3
,14,0.213,1.875,0.676,3
,17,0.184,1.875,0.520,3
,20,0.163,1.734,0.287,3
,23,0.175,1.820,0.287,3
,26,0.211,1.938,0.312,3
,29,0.371,2.438,-1.148,3
,30,0.154,1.461,-0.260,3
Prompt: a frisbee and skis aesthetic score: 6.5. motion score: 5.0.
sample_idx,step,cache_diff,mo_reg,mo_grad,new_rate
,2,2.266,3.031,-2.031,3
,5,0.260,1.000,0.000,3
,8,0.144,1.000,0.000,3
,11,0.222,1.516,-0.738,3
,14,0.215,1.609,0.637,3
,17,0.291,2.312,1.039,3
,20,0.408,3.656,1.820,3
,23,0.273,2.297,0.365,3
,26,0.338,2.406,0.365,3
,29,0.404,2.297,-0.365,3
,30,0.277,2.406,0.365,3
Prompt: a frisbee and skis aesthetic score: 6.5. motion score: 5.0.
sample_idx,step,cache_diff,mo_reg,mo_grad,new_rate
,2,5.562,11.500,-10.500,3
,5,0.264,1.000,0.000,3
,8,0.203,1.000,0.000,3
,11,0.203,1.273,0.208,3
,14,0.174,1.281,-0.312,3
,17,0.131,1.102,0.104,3
,20,0.133,1.273,0.208,3
,23,0.102,1.062,0.000,4
,27,0.134,1.203,-0.234,3
,29,0.137,1.109,-0.195,3
,30,0.107,0.973,-0.091,4
Prompt: a remote aesthetic score: 6.5. motion score: 5.0.
sample_idx,step,cache_diff,mo_reg,mo_grad,new_rate
,2,1.320,2.172,1.172,3
,5,0.295,1.000,0.000,3
,8,0.168,1.000,0.000,3
,11,0.124,1.273,0.208,3
,14,0.086,1.062,0.000,6
,20,0.070,1.062,0.000,6
,26,0.087,1.062,0.000,6
,29,0.114,1.438,0.234,3
,30,0.208,1.875,0.520,3
Prompt: a remote aesthetic score: 6.5. motion score: 5.0.
sample_idx,step,cache_diff,mo_reg,mo_grad,new_rate
,2,2.672,4.594,-3.594,3
,5,0.322,1.000,0.000,3
,8,0.078,1.000,0.000,6
,14,0.077,1.344,-0.855,6
,20,0.032,0.539,-0.130,10
,29,0.033,0.410,-0.240,10
,30,0.006,0.169,0.000,12
Prompt: broccoli aesthetic score: 6.5. motion score: 5.0.
sample_idx,step,cache_diff,mo_reg,mo_grad,new_rate
,2,5.594,9.312,8.312,3
,5,0.285,1.000,0.000,3
,8,0.109,1.000,0.000,4
,12,0.107,1.547,-0.906,4
,16,0.046,0.805,-0.283,10
,26,0.033,0.523,-0.141,10
,29,0.018,0.383,-0.074,12
,30,0.008,0.309,0.000,12
Prompt: broccoli aesthetic score: 6.5. motion score: 5.0.
sample_idx,step,cache_diff,mo_reg,mo_grad,new_rate
,2,4.562,7.906,6.906,3
,5,0.264,1.000,0.000,3
,8,0.145,1.000,0.000,3
,11,0.218,1.578,0.443,3
,14,0.140,1.438,0.234,3
,17,0.134,1.531,-0.469,3
,20,0.112,1.281,-0.312,3
,23,0.104,1.109,-0.195,4
,27,0.119,1.078,-0.273,3
,29,0.107,0.855,-0.078,4
,30,0.090,1.148,0.264,4
Prompt: a skateboard aesthetic score: 6.5. motion score: 5.0.
sample_idx,step,cache_diff,mo_reg,mo_grad,new_rate
,2,1.352,2.172,1.172,3
,5,0.264,1.000,0.000,3
,8,0.223,1.000,0.000,3
,11,0.241,1.336,-0.482,3
,14,0.207,1.484,0.482,3
,17,0.140,1.273,0.208,3
,20,0.146,1.367,0.234,3
,23,0.151,1.438,0.234,3
,26,0.155,1.367,-0.234,3
,29,0.277,1.781,-0.926,3
,30,0.125,1.102,-0.352,3
Prompt: a skateboard aesthetic score: 6.5. motion score: 5.0.
sample_idx,step,cache_diff,mo_reg,mo_grad,new_rate
,2,2.125,3.500,2.500,3
,5,0.270,1.000,0.000,3
,8,0.123,1.000,0.000,3
,11,0.169,1.469,-0.664,3
,14,0.077,0.855,-0.078,6
,20,0.057,0.797,-0.046,8
,28,0.070,0.844,-0.477,6
,29,0.015,0.395,-0.062,12
,30,0.009,0.330,-0.010,12
Prompt: a parking meter aesthetic score: 6.5. motion score: 5.0.
sample_idx,step,cache_diff,mo_reg,mo_grad,new_rate
,2,4.781,7.812,6.812,3
,5,0.252,1.000,0.000,3
,8,0.109,1.000,0.000,4
,12,0.121,1.656,-1.102,3
,15,0.045,0.723,-0.234,10
,25,0.028,0.488,-0.119,12
,29,0.015,0.336,-0.161,12
,30,0.005,0.176,0.000,12
Prompt: a parking meter aesthetic score: 6.5. motion score: 5.0.
sample_idx,step,cache_diff,mo_reg,mo_grad,new_rate
,2,6.000,9.250,8.250,3
,5,0.299,1.000,0.000,3
,8,0.083,1.000,0.000,6
,14,0.076,1.328,-0.828,6
,20,0.030,0.535,-0.082,10
,29,0.043,0.555,0.049,10
,30,0.017,0.504,0.000,12
Prompt: a giraffe aesthetic score: 6.5. motion score: 5.0.
sample_idx,step,cache_diff,mo_reg,mo_grad,new_rate
,2,3.844,5.969,4.969,3
,5,0.271,1.000,0.000,3
,8,0.199,1.000,0.000,3
,11,0.283,1.797,-1.133,3
,14,0.132,0.805,-0.208,3
,17,0.085,0.645,-0.065,6
,23,0.062,0.734,0.098,8
,29,0.057,0.680,-0.227,8
,30,0.020,0.463,-0.039,12
Prompt: a giraffe aesthetic score: 6.5. motion score: 5.0.
sample_idx,step,cache_diff,mo_reg,mo_grad,new_rate
,2,4.312,6.781,5.781,3
,5,0.256,1.000,0.000,3
,8,0.181,1.000,0.000,3
,11,0.211,1.578,0.443,3
,14,0.157,1.297,-0.234,3
,17,0.187,1.672,0.469,3
,20,0.238,2.250,0.809,3
,23,0.247,2.219,0.598,3
,26,0.197,1.625,0.000,3
,29,0.273,1.625,0.000,3
,30,0.291,2.500,0.676,3
Prompt: a fat rabbit wearing a purple robe walking through a fantasy landscape. aesthetic score: 6.5. motion score: 5.0.
sample_idx,step,cache_diff,mo_reg,mo_grad,new_rate
,2,6.719,9.250,-8.250,3
,5,0.194,1.000,0.000,3
,8,0.171,1.000,0.000,3
,11,0.279,2.031,-1.469,3
,14,0.077,0.727,0.130,6
,20,0.047,0.703,0.065,10
,29,0.047,0.637,-0.473,10
,30,0.005,0.163,-0.019,12
Prompt: a fat rabbit wearing a purple robe walking through a fantasy landscape. aesthetic score: 6.5. motion score: 5.0.
sample_idx,step,cache_diff,mo_reg,mo_grad,new_rate
,2,7.062,9.562,8.562,3
,5,0.231,1.000,0.000,3
,8,0.165,1.000,0.000,3
,11,0.200,1.273,-0.391,3
,14,0.222,1.656,0.598,3
,17,0.160,1.672,0.469,3
,20,0.133,1.539,0.260,3
,23,0.113,1.281,0.000,3
,26,0.184,1.797,-0.730,3
,29,0.271,1.789,-1.039,3
,30,0.099,0.914,-0.234,4
Prompt: few big purple plums rotating on the turntable. water drops appear on the skin during rotation. isolated on the white background. close-up. macro. aesthetic score: 6.5. motion score: 5.0.
sample_idx,step,cache_diff,mo_reg,mo_grad,new_rate
,2,2.203,4.188,3.203,3
,5,0.264,1.000,0.000,3
,8,0.187,1.000,0.000,3
,11,0.281,2.109,-1.586,3
,14,0.056,0.570,-0.065,8
,22,0.034,0.539,-0.168,10
,29,0.024,0.369,-0.301,12
,30,0.002,0.063,-0.025,12
Prompt: few big purple plums rotating on the turntable. water drops appear on the skin during rotation. isolated on the white background. close-up. macro. aesthetic score: 6.5. motion score: 5.0.
sample_idx,step,cache_diff,mo_reg,mo_grad,new_rate
,2,6.281,10.625,9.625,3
,5,0.311,1.000,0.000,3
,8,0.148,1.000,0.000,3
,11,0.279,2.594,-2.266,3
,14,0.056,0.590,0.208,8
,22,0.032,0.547,0.090,10
,29,0.028,0.455,-0.250,12
,30,0.005,0.197,-0.041,12
Prompt: a corgi's head depicted as an explosion of a nebula aesthetic score: 6.5. motion score: 5.0.
sample_idx,step,cache_diff,mo_reg,mo_grad,new_rate
,2,6.281,9.438,8.438,3
,5,0.271,1.000,0.000,3
,8,0.142,1.000,0.000,3
,11,0.183,1.984,-1.406,3
,14,0.071,0.832,0.195,6
,20,0.046,0.637,0.000,10
,29,0.047,0.637,-0.254,10
,30,0.013,0.383,0.000,12
Prompt: a corgi's head depicted as an explosion of a nebula aesthetic score: 6.5. motion score: 5.0.
sample_idx,step,cache_diff,mo_reg,mo_grad,new_rate
,2,5.469,7.188,6.188,3
,5,0.316,1.000,0.000,3
,8,0.117,1.000,0.000,3
,11,0.202,2.609,-2.297,3
,14,0.046,0.570,0.202,10
,24,0.024,0.451,0.041,12
,29,0.017,0.385,-0.127,12
,30,0.007,0.258,0.000,12
Prompt: a lightning striking atop of eiffel tower, dark clouds in the sky aesthetic score: 6.5. motion score: 5.0.
sample_idx,step,cache_diff,mo_reg,mo_grad,new_rate
,2,7.188,8.438,7.438,3
,5,0.281,1.000,0.000,3
,8,0.147,1.000,0.000,3
,11,0.221,1.875,0.676,3
,14,0.139,1.539,0.260,3
,17,0.123,1.617,0.260,3
,20,0.103,1.359,0.000,4
,24,0.143,1.656,0.215,3
,27,0.166,1.445,0.000,3
,29,0.217,1.828,-0.547,3
,30,0.138,1.281,0.000,3
Prompt: a lightning striking atop of eiffel tower, dark clouds in the sky aesthetic score: 6.5. motion score: 5.0.
sample_idx,step,cache_diff,mo_reg,mo_grad,new_rate
,2,3.078,3.812,-2.812,3
,5,0.289,1.000,0.000,3
,8,0.188,1.000,0.000,3
,11,0.186,1.875,0.676,3
,14,0.117,1.539,0.260,3
,17,0.096,1.281,0.000,4
,21,0.202,2.484,0.859,3
,24,0.252,2.500,0.676,3
,27,0.219,1.828,0.000,3
,29,0.225,1.828,0.000,3
,30,0.303,2.781,0.730,3
Prompt: an oil painting of a couple in formal evening wear going home get caught in a heavy downpour with umbrellas aesthetic score: 6.5. motion score: 5.0.
sample_idx,step,cache_diff,mo_reg,mo_grad,new_rate
,2,6.812,11.500,-10.500,3
,5,0.287,1.000,0.000,3
,8,0.167,1.000,0.000,3
,11,0.181,1.273,0.208,3
,14,0.138,1.281,-0.312,3
,17,0.108,1.109,-0.195,4
,21,0.086,0.953,-0.068,6
,27,0.097,1.000,-0.299,4
,29,0.071,0.738,-0.059,6
,30,0.041,0.742,0.039,10
Prompt: an oil painting of a couple in formal evening wear going home get caught in a heavy downpour with umbrellas aesthetic score: 6.5. motion score: 5.0.
sample_idx,step,cache_diff,mo_reg,mo_grad,new_rate
,2,2.516,3.969,2.969,3
,5,0.312,1.000,0.000,3
,8,0.100,1.000,0.000,4
,12,0.115,1.750,-1.242,3
,15,0.032,0.539,-0.052,10
,25,0.028,0.488,-0.033,12
,29,0.020,0.447,-0.037,12
,30,0.012,0.465,0.024,12
Prompt: bedroom aesthetic score: 6.5. motion score: 5.0.
sample_idx,step,cache_diff,mo_reg,mo_grad,new_rate
,2,3.859,6.625,5.625,3
,5,0.256,1.000,0.000,3
,8,0.180,1.000,0.000,3
,11,0.184,1.469,-0.664,3
,14,0.079,0.855,-0.078,6
,20,0.057,0.777,0.000,8
,28,0.072,0.840,-0.316,6
,29,0.022,0.547,-0.059,12
,30,0.015,0.555,0.029,12
Prompt: bedroom aesthetic score: 6.5. motion score: 5.0.
sample_idx,step,cache_diff,mo_reg,mo_grad,new_rate
,2,3.812,5.750,4.750,3
,5,0.273,1.000,0.000,3
,8,0.139,1.000,0.000,3
,11,0.110,1.336,-0.482,3
,14,0.078,1.039,-0.260,6
,20,0.057,0.828,-0.124,8
,28,0.063,0.734,-0.156,8
,29,0.018,0.578,0.000,12
,30,0.019,0.688,0.049,12
Prompt: indoor movie theater aesthetic score: 6.5. motion score: 5.0.
sample_idx,step,cache_diff,mo_reg,mo_grad,new_rate
,2,2.578,4.625,3.625,3
,5,0.229,1.000,0.000,3
,8,0.165,1.000,0.000,3
,11,0.121,1.070,-0.104,3
,14,0.140,1.375,0.312,3
,17,0.103,1.062,0.000,4
,21,0.161,1.828,0.547,3
,24,0.133,1.281,0.000,3
,27,0.262,1.992,0.547,3
,29,0.314,2.219,0.598,3
,30,0.309,2.500,0.676,3
Prompt: indoor movie theater aesthetic score: 6.5. motion score: 5.0.
sample_idx,step,cache_diff,mo_reg,mo_grad,new_rate
,2,4.344,9.250,-8.250,3
,5,0.258,1.000,0.000,3
,8,0.137,1.000,0.000,3
,11,0.198,1.875,0.676,3
,14,0.169,1.539,0.260,3
,17,0.229,1.992,0.547,3
,20,0.344,3.094,1.273,3
,23,0.395,3.312,1.148,3
,26,0.309,2.469,-0.416,3
,29,0.443,2.562,-0.730,3
,30,0.336,2.781,0.730,3
Prompt: indoor library aesthetic score: 6.5. motion score: 5.0.
sample_idx,step,cache_diff,mo_reg,mo_grad,new_rate
,2,9.062,11.500,-10.500,3
,5,0.275,1.000,0.000,3
,8,0.134,1.000,0.000,3
,11,0.113,1.211,-0.299,3
,14,0.096,1.164,0.195,4
,18,0.101,1.297,0.234,4
,22,0.139,1.555,0.352,3
,25,0.143,1.367,-0.234,3
,28,0.155,1.133,0.000,3
,29,0.103,1.297,-0.234,4
,30,0.135,1.555,0.352,3
Prompt: indoor library aesthetic score: 6.5. motion score: 5.0.
sample_idx,step,cache_diff,mo_reg,mo_grad,new_rate
,2,1.922,3.031,-2.031,3
,5,0.275,1.000,0.000,3
,8,0.153,1.000,0.000,3
,11,0.160,1.469,-0.664,3
,14,0.105,1.039,0.183,4
,18,0.084,0.953,0.068,6
,24,0.079,0.957,0.046,6
,29,0.106,1.047,-0.344,4
,30,0.061,0.703,0.000,8
Prompt: skyscraper aesthetic score: 6.5. motion score: 5.0.
sample_idx,step,cache_diff,mo_reg,mo_grad,new_rate
,2,3.594,3.969,2.969,3
,5,0.256,1.000,0.000,3
,8,0.148,1.000,0.000,3
,11,0.155,1.938,-1.344,3
,14,0.058,0.645,-0.065,8
,22,0.038,0.613,-0.174,10
,29,0.030,0.439,-0.108,12
,30,0.011,0.400,0.031,12
Prompt: skyscraper aesthetic score: 6.5. motion score: 5.0.
sample_idx,step,cache_diff,mo_reg,mo_grad,new_rate
,2,5.812,7.312,6.312,3
,5,0.295,1.000,0.000,3
,8,0.130,1.000,0.000,3
,11,0.215,1.938,-1.344,3
,14,0.079,0.852,-0.365,6
,20,0.043,0.594,-0.260,10
,29,0.025,0.332,-0.135,12
,30,0.008,0.273,0.034,12
Prompt: downtown aesthetic score: 6.5. motion score: 5.0.
sample_idx,step,cache_diff,mo_reg,mo_grad,new_rate
,2,4.406,8.625,7.625,3
,5,0.307,1.000,0.000,3
,8,0.152,1.000,0.000,3
,11,0.177,1.469,-0.664,3
,14,0.109,1.039,0.183,4
,18,0.081,0.953,0.068,6
,24,0.064,0.883,0.000,8
,29,0.064,0.910,-0.132,8
,30,0.046,1.078,0.166,10
Prompt: downtown aesthetic score: 6.5. motion score: 5.0.
sample_idx,step,cache_diff,mo_reg,mo_grad,new_rate
,2,1.000,1.898,0.898,3
,5,0.293,1.000,0.000,3
,8,0.153,1.000,0.000,3
,11,0.203,1.797,-1.133,3
,14,0.164,1.266,0.469,3
,17,0.102,0.801,0.000,4
,21,0.078,0.836,-0.059,6
,27,0.078,0.855,-0.195,6
,29,0.042,0.703,-0.104,10
,30,0.024,0.723,0.062,12
Prompt: a potted plant on the left of a remote, front view aesthetic score: 6.5. motion score: 5.0.
sample_idx,step,cache_diff,mo_reg,mo_grad,new_rate
,2,2.031,4.406,3.406,3
,5,0.273,1.000,0.000,3
,8,0.194,1.000,0.000,3
,11,0.140,1.273,0.208,3
,14,0.123,1.281,-0.312,3
,17,0.101,1.172,-0.287,4
,21,0.101,1.188,0.215,4
,25,0.124,1.297,0.234,3
,28,0.146,1.062,0.000,3
,29,0.095,1.211,-0.208,4
,30,0.085,1.000,0.000,6
Prompt: a potted plant on the left of a remote, front view aesthetic score: 6.5. motion score: 5.0.
sample_idx,step,cache_diff,mo_reg,mo_grad,new_rate
,2,0.562,1.000,0.000,3
,5,0.279,1.000,0.000,3
,8,0.112,1.000,0.000,3
,11,0.178,2.281,-1.820,3
,14,0.037,0.559,-0.149,10
,24,0.023,0.410,0.000,12
,29,0.020,0.402,-0.034,12
,30,0.011,0.445,0.034,12
Prompt: a fork on the right of a knife, front view aesthetic score: 6.5. motion score: 5.0.
sample_idx,step,cache_diff,mo_reg,mo_grad,new_rate
,2,4.281,6.906,5.906,3
,5,0.289,1.000,0.000,3
,8,0.194,1.000,0.000,3
,11,0.295,2.109,-1.586,3
,14,0.447,2.844,1.789,3
,17,0.190,1.672,0.469,3
,20,0.128,1.367,-0.234,3
,23,0.108,1.133,0.000,4
,27,0.136,1.234,-0.176,3
,29,0.189,1.547,-0.688,3
,30,0.134,1.211,-0.508,3
Prompt: a fork on the right of a knife, front view aesthetic score: 6.5. motion score: 5.0.
sample_idx,step,cache_diff,mo_reg,mo_grad,new_rate
,2,2.328,3.969,2.969,3
,5,0.285,1.000,0.000,3
,8,0.146,1.000,0.000,3
,11,0.258,1.750,-1.070,3
,14,0.094,0.781,0.078,4
,18,0.064,0.703,0.000,8
,26,0.052,0.703,0.000,8
,29,0.042,0.738,-0.181,10
,30,0.020,0.598,0.020,12
Prompt: a baseball bat on the left of a baseball glove, front view aesthetic score: 6.5. motion score: 5.0.
sample_idx,step,cache_diff,mo_reg,mo_grad,new_rate
,2,4.125,5.219,4.219,3
,5,0.273,1.000,0.000,3
,8,0.132,1.000,0.000,3
,11,0.188,1.578,0.443,3
,14,0.183,1.773,0.494,3
,17,0.186,1.992,0.547,3
,20,0.127,1.445,0.000,3
,23,0.154,1.648,-0.287,3
,26,0.219,2.047,-0.988,3
,29,0.239,1.484,-0.598,3
,30,0.117,1.000,0.091,3
Prompt: a baseball bat on the left of a baseball glove, front view aesthetic score: 6.5. motion score: 5.0.
sample_idx,step,cache_diff,mo_reg,mo_grad,new_rate
,2,1.281,1.898,0.898,3
,5,0.285,1.000,0.000,3
,8,0.165,1.000,0.000,3
,11,0.164,1.578,0.443,3
,14,0.129,1.445,-0.443,3
,17,0.098,1.211,-0.299,4
,21,0.081,1.109,-0.332,6
,27,0.077,0.945,-0.422,6
,29,0.031,0.578,-0.140,10
,30,0.017,0.539,0.049,12
Prompt: a microwave on the top of an oven, front view aesthetic score: 6.5. motion score: 5.0.
sample_idx,step,cache_diff,mo_reg,mo_grad,new_rate
,2,3.438,6.125,5.125,3
,5,0.264,1.000,0.000,3
,8,0.124,1.000,0.000,3
,11,0.147,1.688,-0.988,3
,14,0.074,0.992,-0.416,6
,20,0.044,0.672,-0.231,10
,29,0.035,0.439,-0.264,10
,30,0.006,0.176,-0.013,12
Prompt: a microwave on the top of an oven, front view aesthetic score: 6.5. motion score: 5.0.
sample_idx,step,cache_diff,mo_reg,mo_grad,new_rate
,2,5.281,9.375,8.375,3
,5,0.279,1.000,0.000,3
,8,0.173,1.000,0.000,3
,11,0.208,1.578,0.443,3
,14,0.176,1.516,-0.547,3
,17,0.115,1.109,-0.195,3
,20,0.094,0.973,-0.091,4
,24,0.146,1.516,0.449,3
,27,0.136,1.062,0.000,3
,29,0.179,1.367,0.234,3
,30,0.169,1.438,0.234,3
Prompt: a toaster on the top of a microwave, front view aesthetic score: 6.5. motion score: 5.0.
sample_idx,step,cache_diff,mo_reg,mo_grad,new_rate
,2,1.867,3.031,-2.031,3
,5,0.275,1.000,0.000,3
,8,0.127,1.000,0.000,3
,11,0.163,1.938,-1.344,3
,14,0.101,1.258,0.508,4
,18,0.090,1.219,0.332,4
,22,0.085,1.008,-0.205,6
,28,0.105,1.008,-0.520,4
,29,0.034,0.586,-0.161,10
,30,0.013,0.424,-0.014,12
Prompt: a toaster on the top of a microwave, front view aesthetic score: 6.5. motion score: 5.0.
sample_idx,step,cache_diff,mo_reg,mo_grad,new_rate
,2,4.438,6.906,5.906,3
,5,0.307,1.000,0.000,3
,8,0.128,1.000,0.000,3
,11,0.196,2.562,1.195,3
,14,0.131,1.734,0.287,3
,17,0.146,2.016,-0.809,3
,20,0.121,1.531,-0.469,3
,23,0.118,1.281,-0.312,3
,26,0.124,1.109,-0.195,3
,29,0.156,0.973,-0.091,3
,30,0.102,1.000,0.091,4
Prompt: a truck turning a corner aesthetic score: 6.5. motion score: 5.0.
sample_idx,step,cache_diff,mo_reg,mo_grad,new_rate
,2,0.957,1.898,0.898,3
,5,0.318,1.000,0.000,3
,8,0.211,1.000,0.000,3
,11,0.305,1.875,0.676,3
,14,0.594,3.438,1.719,3
,17,0.303,2.672,0.730,3
,20,0.363,3.500,1.195,3
,23,0.426,4.125,1.406,3
,26,0.307,2.719,0.000,3
,29,0.750,4.750,1.562,3
,30,0.463,4.000,0.625,3
Prompt: a truck turning a corner aesthetic score: 6.5. motion score: 5.0.
sample_idx,step,cache_diff,mo_reg,mo_grad,new_rate
,2,18.125,24.750,-23.750,3
,5,0.266,1.000,0.000,3
,8,0.142,1.000,0.000,3
,11,0.100,1.000,0.000,4
,15,0.131,1.297,-0.498,3
,18,0.169,1.664,0.664,3
,21,0.140,1.578,0.443,3
,24,0.124,1.297,-0.234,3
,27,0.145,1.211,-0.208,3
,29,0.158,1.273,-0.391,3
,30,0.107,0.945,-0.091,4
Prompt: a motorcycle cruising along a coastal highway aesthetic score: 6.5. motion score: 5.0.
sample_idx,step,cache_diff,mo_reg,mo_grad,new_rate
,2,1.703,2.438,1.445,3
,5,0.283,1.000,0.000,3
,8,0.179,1.000,0.000,3
,11,0.152,1.273,-0.391,3
,14,0.166,1.391,0.391,3
,17,0.142,1.578,0.443,3
,20,0.115,1.297,-0.234,3
,23,0.098,1.062,0.000,4
,27,0.107,1.062,0.000,4
,29,0.099,1.156,-0.156,4
,30,0.098,1.219,0.156,4
Prompt: a motorcycle cruising along a coastal highway aesthetic score: 6.5. motion score: 5.0.
sample_idx,step,cache_diff,mo_reg,mo_grad,new_rate
,2,0.996,1.625,-0.625,3
,5,0.318,1.000,0.000,3
,8,0.250,1.000,0.000,3
,11,0.159,2.219,0.938,3
,14,0.121,1.461,-0.260,3
,17,0.092,1.203,0.000,4
,21,0.133,1.750,0.391,3
,24,0.158,1.734,0.287,3
,27,0.174,1.445,0.000,3
,29,0.185,1.445,0.000,3
,30,0.291,2.625,0.910,3
Prompt: a bus stuck in traffic during rush hour aesthetic score: 6.5. motion score: 5.0.
sample_idx,step,cache_diff,mo_reg,mo_grad,new_rate
,2,6.219,8.188,-7.188,3
,5,0.299,1.000,0.000,3
,8,0.195,1.000,0.000,3
,11,0.336,1.875,0.676,3
,14,0.342,2.625,1.094,3
,17,0.244,1.938,0.312,3
,20,0.281,2.500,0.676,3
,23,0.200,1.828,0.000,3
,26,0.215,1.828,0.000,3
,29,0.377,2.297,-0.676,3
,30,0.228,2.031,0.312,3
Prompt: a bus stuck in traffic during rush hour aesthetic score: 6.5. motion score: 5.0.
sample_idx,step,cache_diff,mo_reg,mo_grad,new_rate
,2,7.219,8.188,-7.188,3
,5,0.245,1.000,0.000,3
,8,0.184,1.000,0.000,3
,11,0.781,4.562,2.750,3
,14,0.977,5.688,2.953,3
,17,0.340,2.719,0.000,3
,20,0.287,2.719,0.000,3
,23,0.354,3.406,-0.988,3
,26,0.375,3.297,-1.250,3
,29,0.500,3.031,-1.406,3
,30,0.196,1.625,0.000,3
Prompt: a car slowing down to stop aesthetic score: 6.5. motion score: 5.0.
sample_idx,step,cache_diff,mo_reg,mo_grad,new_rate
,2,6.438,7.250,-6.250,3
,5,0.212,1.000,0.000,3
,8,0.148,1.000,0.000,3
,11,0.279,1.578,0.443,3
,14,0.194,1.773,0.494,3
,17,0.289,2.781,1.148,3
,20,0.451,4.531,2.234,3
,23,0.428,4.125,1.406,3
,26,0.469,4.062,1.039,3
,29,0.539,3.438,-0.574,3
,30,0.492,4.281,1.094,3
Prompt: a car slowing down to stop aesthetic score: 6.5. motion score: 5.0.
sample_idx,step,cache_diff,mo_reg,mo_grad,new_rate
,2,21.750,22.875,-21.875,3
,5,0.204,1.000,0.000,3
,8,0.163,1.000,0.000,3
,11,0.176,1.273,0.208,3
,14,0.275,2.344,0.988,3
,17,0.206,2.109,0.574,3
,20,0.186,1.938,0.312,3
,23,0.179,1.844,-0.312,3
,26,0.208,1.938,0.312,3
,29,0.252,1.625,0.000,3
,30,0.346,2.969,1.039,3
Prompt: a bicycle gliding through a snowy field aesthetic score: 6.5. motion score: 5.0.
sample_idx,step,cache_diff,mo_reg,mo_grad,new_rate
,2,6.812,10.375,-9.375,3
,5,0.287,1.000,0.000,3
,8,0.196,1.000,0.000,3
,11,0.271,1.750,-1.070,3
,14,0.085,0.781,-0.144,6
,20,0.059,0.750,0.072,8
,28,0.061,0.742,-0.301,8
,29,0.012,0.453,-0.071,12
,30,0.010,0.373,-0.052,12
Prompt: a bicycle gliding through a snowy field aesthetic score: 6.5. motion score: 5.0.
sample_idx,step,cache_diff,mo_reg,mo_grad,new_rate
,2,5.312,7.812,6.812,3
,5,0.312,1.000,0.000,3
,8,0.152,1.000,0.000,3
,11,0.303,2.359,-1.930,3
,14,0.101,0.773,0.268,4
,18,0.078,0.832,0.234,6
,24,0.071,0.816,0.137,6
,29,0.088,0.875,-0.494,6
,30,0.024,0.432,-0.124,12
Prompt: in a still frame, gas station aesthetic score: 6.5. motion score: 5.0.
sample_idx,step,cache_diff,mo_reg,mo_grad,new_rate
,2,5.188,7.906,6.906,3
,5,0.289,1.000,0.000,3
,8,0.183,1.000,0.000,3
,11,0.287,1.469,-0.664,3
,14,0.089,0.855,-0.078,6
,20,0.064,0.871,-0.234,8
,28,0.059,0.727,-0.438,8
,29,0.008,0.301,-0.072,12
,30,0.006,0.226,-0.020,12
Prompt: in a still frame, gas station aesthetic score: 6.5. motion score: 5.0.
sample_idx,step,cache_diff,mo_reg,mo_grad,new_rate
,2,7.656,9.000,7.969,3
,5,0.215,1.000,0.000,3
,8,0.133,1.000,0.000,3
,11,0.235,1.688,-0.988,3
,14,0.153,0.906,0.156,3
,17,0.101,0.969,0.169,4
,21,0.078,0.875,-0.127,6
,27,0.084,0.945,-0.492,6
,29,0.033,0.543,-0.224,10
,30,0.011,0.320,-0.043,12
Prompt: in a still frame, within the desolate desert, an oasis unfolded, characterized by the stoic presence of palm trees and a motionless, glassy pool of water aesthetic score: 6.5. motion score: 5.0.
sample_idx,step,cache_diff,mo_reg,mo_grad,new_rate
,2,4.219,8.250,7.219,3
,5,0.235,1.000,0.000,3
,8,0.127,1.000,0.000,3
,11,0.214,1.469,-0.664,3
,14,0.078,0.801,0.000,6
,20,0.068,0.883,-0.202,8
,28,0.065,0.781,-0.504,8
,29,0.008,0.287,-0.049,12
,30,0.006,0.236,-0.007,12
Prompt: in a still frame, within the desolate desert, an oasis unfolded, characterized by the stoic presence of palm trees and a motionless, glassy pool of water aesthetic score: 6.5. motion score: 5.0.
sample_idx,step,cache_diff,mo_reg,mo_grad,new_rate
,2,4.625,8.688,7.688,3
,5,0.287,1.000,0.000,3
,8,0.107,1.000,0.000,4
,12,0.106,1.297,-0.498,4
,16,0.058,0.836,-0.059,8
,24,0.052,0.812,-0.176,8
,29,0.050,0.688,-0.246,10
,30,0.014,0.439,0.000,12
Prompt: a tranquil tableau of palace aesthetic score: 6.5. motion score: 5.0.
sample_idx,step,cache_diff,mo_reg,mo_grad,new_rate
,2,3.312,6.625,5.625,3
,5,0.245,1.000,0.000,3
,8,0.222,1.000,0.000,3
,11,0.239,1.469,-0.664,3
,14,0.135,1.156,0.273,3
,17,0.096,0.945,-0.091,4
,21,0.080,0.855,0.000,6
,27,0.090,0.906,-0.130,4
,29,0.092,0.953,-0.293,4
,30,0.064,0.727,0.049,8
Prompt: a tranquil tableau of palace aesthetic score: 6.5. motion score: 5.0.
sample_idx,step,cache_diff,mo_reg,mo_grad,new_rate
,2,2.031,4.188,3.203,3
,5,0.268,1.000,0.000,3
,8,0.191,1.000,0.000,3
,11,0.151,1.211,-0.299,3
,14,0.125,1.039,-0.183,3
,17,0.099,0.973,0.091,4
,21,0.098,1.039,-0.264,4
,25,0.095,0.922,-0.244,4
,29,0.137,0.969,-0.479,3
,30,0.065,0.555,0.052,8
Prompt: a tranquil tableau of bar aesthetic score: 6.5. motion score: 5.0.
sample_idx,step,cache_diff,mo_reg,mo_grad,new_rate
,2,2.828,5.969,4.969,3
,5,0.287,1.000,0.000,3
,8,0.132,1.000,0.000,3
,11,0.138,1.750,-1.070,3
,14,0.048,0.781,-0.144,10
,24,0.036,0.637,-0.213,10
,29,0.025,0.426,-0.262,12
,30,0.004,0.162,-0.006,12
Prompt: a tranquil tableau of bar aesthetic score: 6.5. motion score: 5.0.
sample_idx,step,cache_diff,mo_reg,mo_grad,new_rate
,2,5.156,9.438,8.438,3
,5,0.262,1.000,0.000,3
,8,0.169,1.000,0.000,3
,11,0.157,1.273,-0.391,3
,14,0.093,1.000,0.091,4
,18,0.088,1.078,-0.273,6
,24,0.073,0.945,0.091,6
,29,0.096,0.984,-0.326,4
,30,0.082,0.977,0.225,6
Prompt: a tranquil tableau of a peaceful orchid garden showcased a variety of delicate blooms aesthetic score: 6.5. motion score: 5.0.
sample_idx,step,cache_diff,mo_reg,mo_grad,new_rate
,2,2.250,3.500,2.500,3
,5,0.307,1.000,0.000,3
,8,0.136,1.000,0.000,3
,11,0.344,1.875,0.676,3
,14,0.185,1.203,0.000,3
,17,0.194,1.539,0.260,3
,20,0.145,1.281,0.000,3
,23,0.162,1.461,-0.260,3
,26,0.162,1.367,-0.234,3
,29,0.219,1.445,-0.443,3
,30,0.104,1.000,0.000,4
Prompt: a tranquil tableau of a peaceful orchid garden showcased a variety of delicate blooms aesthetic score: 6.5. motion score: 5.0.
sample_idx,step,cache_diff,mo_reg,mo_grad,new_rate
,2,0.691,1.000,0.000,3
,5,0.249,1.000,0.000,3
,8,0.165,1.000,0.000,3
,11,0.163,1.000,0.000,3
,14,0.186,1.273,-0.391,3
,17,0.122,1.125,-0.352,3
,20,0.084,0.840,-0.091,6
,26,0.071,0.809,-0.149,6
,29,0.060,0.773,-0.287,8
,30,0.022,0.523,0.020,12
Prompt: gwen stacy reading a book, with an intense shaking effect aesthetic score: 6.5. motion score: 5.0.
sample_idx,step,cache_diff,mo_reg,mo_grad,new_rate
,2,5.281,5.969,4.969,3
,5,0.224,1.000,0.000,3
,8,0.147,1.000,0.000,3
,11,0.340,2.219,0.938,3
,14,0.201,1.281,0.000,3
,17,0.262,1.992,0.547,3
,20,0.177,1.445,0.000,3
,23,0.250,2.219,0.598,3
,26,0.196,1.625,0.000,3
,29,0.326,2.047,-0.598,3
,30,0.161,1.445,0.000,3
Prompt: gwen stacy reading a book, with an intense shaking effect aesthetic score: 6.5. motion score: 5.0.
sample_idx,step,cache_diff,mo_reg,mo_grad,new_rate
,2,5.000,5.438,-4.438,3
,5,0.208,1.000,0.000,3
,8,0.152,1.000,0.000,3
,11,0.176,1.000,0.000,3
,14,0.660,3.703,2.078,3
,17,0.231,2.031,0.312,3
,20,0.234,2.156,-0.625,3
,23,0.189,1.734,-0.287,3
,26,0.188,1.648,-0.287,3
,29,0.320,2.047,-0.988,3
,30,0.155,1.422,-0.508,3
Prompt: the bund shanghai, with an intense shaking effect aesthetic score: 6.5. motion score: 5.0.
sample_idx,step,cache_diff,mo_reg,mo_grad,new_rate
,2,1.312,1.898,0.898,3
,5,0.211,1.000,0.000,3
,8,0.128,1.000,0.000,3
,11,0.320,2.562,1.195,3
,14,0.231,1.539,-0.260,3
,17,0.221,1.625,-0.494,3
,20,0.128,1.133,0.000,3
,23,0.156,1.445,-0.443,3
,26,0.170,1.516,-0.738,3
,29,0.221,1.414,-0.910,3
,30,0.091,0.789,-0.404,4
Prompt: the bund shanghai, with an intense shaking effect aesthetic score: 6.5. motion score: 5.0.
sample_idx,step,cache_diff,mo_reg,mo_grad,new_rate
,2,5.531,7.188,6.188,3
,5,0.228,1.000,0.000,3
,8,0.172,1.000,0.000,3
,11,0.205,1.578,-0.832,3
,14,0.104,0.867,0.091,4
,18,0.068,0.820,-0.068,8
,26,0.059,0.812,-0.309,8
,29,0.031,0.559,-0.271,10
,30,0.010,0.287,-0.082,12
Prompt: a couple in formal evening wear going home get caught in a heavy downpour with umbrellas, in super slow motion aesthetic score: 6.5. motion score: 5.0.
sample_idx,step,cache_diff,mo_reg,mo_grad,new_rate
,2,5.344,9.000,7.969,3
,5,0.260,1.000,0.000,3
,8,0.210,1.000,0.000,3
,11,0.188,1.336,-0.482,3
,14,0.112,0.973,0.091,3
,17,0.084,0.883,0.000,6
,23,0.092,1.195,0.195,4
,27,0.189,1.711,0.508,3
,29,0.293,2.250,0.809,3
,30,0.301,2.625,0.910,3
Prompt: a couple in formal evening wear going home get caught in a heavy downpour with umbrellas, in super slow motion aesthetic score: 6.5. motion score: 5.0.
sample_idx,step,cache_diff,mo_reg,mo_grad,new_rate
,2,3.609,8.188,-7.188,3
,5,0.289,1.000,0.000,3
,8,0.198,1.000,0.000,3
,11,0.260,1.578,0.443,3
,14,0.203,1.773,0.494,3
,17,0.151,1.461,-0.260,3
,20,0.120,1.203,0.000,3
,23,0.123,1.203,0.000,3
,26,0.178,1.539,0.260,3
,29,0.206,1.281,0.000,3
,30,0.273,2.359,0.832,3
Prompt: a shark is swimming in the ocean, zoom out aesthetic score: 6.5. motion score: 5.0.
sample_idx,step,cache_diff,mo_reg,mo_grad,new_rate
,2,7.094,6.312,-5.312,3
,5,0.252,1.000,0.000,3
,8,0.101,1.000,0.000,4
,12,0.155,1.969,-1.609,3
,15,0.050,0.719,0.279,10
,25,0.050,0.836,0.197,8
,29,0.044,0.672,-0.166,10
,30,0.018,0.504,-0.080,12
Prompt: a shark is swimming in the ocean, zoom out aesthetic score: 6.5. motion score: 5.0.
sample_idx,step,cache_diff,mo_reg,mo_grad,new_rate
,2,8.125,6.781,5.781,3
,5,0.223,1.000,0.000,3
,8,0.086,1.000,0.000,6
,14,0.082,1.422,-1.055,6
,20,0.043,0.727,0.224,10
,29,0.036,0.504,-0.172,10
,30,0.011,0.332,-0.012,12
Prompt: the bund shanghai, racking focus aesthetic score: 6.5. motion score: 5.0.
sample_idx,step,cache_diff,mo_reg,mo_grad,new_rate
,2,3.438,7.812,6.812,3
,5,0.273,1.000,0.000,3
,8,0.131,1.000,0.000,3
,11,0.209,2.219,0.938,3
,14,0.121,1.281,0.000,3
,17,0.129,1.461,-0.260,3
,20,0.136,1.531,-0.469,3
,23,0.125,1.281,-0.312,3
,26,0.160,1.414,-0.637,3
,29,0.249,1.562,-1.125,3
,30,0.051,0.439,0.000,8
Prompt: the bund shanghai, racking focus aesthetic score: 6.5. motion score: 5.0.
sample_idx,step,cache_diff,mo_reg,mo_grad,new_rate
,2,3.516,6.625,5.625,3
,5,0.256,1.000,0.000,3
,8,0.135,1.000,0.000,3
,11,0.135,1.578,-0.832,3
,14,0.074,1.016,-0.377,6
,20,0.043,0.711,-0.188,10
,29,0.040,0.523,-0.379,10
,30,0.005,0.145,-0.044,12
